 2.50000000e+02 5.00000000e+02
 1.25000000e+03 5.00000000e+02
 2.25000000e+03 5.00000000e+02
 3.25000000e+03 5.00000000e+02
 4.25000000e+03 5.00000000e+02
 5.25000000e+03 5.00000000e+02
 6.25000000e+03 5.00000000e+02
 7.25000000e+03 5.00000000e+02
 8.25000000e+03 5.00000000e+02
 9.25000000e+03 5.00000000e+02
 1.02500000e+04 5.00000000e+02
 1.12500000e+04 5.00000000e+02
 1.22500000e+04 5.00000000e+02
 1.32500000e+04 5.00000000e+02
 1.42500000e+04 5.00000000e+02
 1.52500000e+04 5.00000000e+02
 1.62500000e+04 5.00000000e+02
 1.72500000e+04 5.00000000e+02
 1.82500000e+04 5.00000000e+02
 1.92500000e+04 5.00000000e+02
 2.02500000e+04 5.00000000e+02
 2.12500000e+04 5.00000000e+02
 2.22500000e+04 5.00000000e+02
 2.32500000e+04 5.00000000e+02
 2.42500000e+04 5.00000000e+02
 2.52500000e+04 5.00000000e+02
 2.62500000e+04 5.00000000e+02
 2.72500000e+04 5.00000000e+02
 2.82500000e+04 5.00000000e+02
 2.92500000e+04 5.00000000e+02
 3.02500000e+04 5.00000000e+02
 3.12500000e+04 5.00000000e+02
 3.22500000e+04 5.00000000e+02
 3.32500000e+04 5.00000000e+02
 3.42500000e+04 5.00000000e+02
 7.50000000e+02 1.50000000e+03
 1.75000000e+03 1.50000000e+03
 2.75000000e+03 1.50000000e+03
 3.75000000e+03 1.50000000e+03
 4.75000000e+03 1.50000000e+03
 5.75000000e+03 1.50000000e+03
 6.75000000e+03 1.50000000e+03
 7.75000000e+03 1.50000000e+03
 8.75000000e+03 1.50000000e+03
 9.75000000e+03 1.50000000e+03
 1.07500000e+04 1.50000000e+03
 1.17500000e+04 1.50000000e+03
 1.27500000e+04 1.50000000e+03
 1.37500000e+04 1.50000000e+03
 1.47500000e+04 1.50000000e+03
 1.57500000e+04 1.50000000e+03
 1.67500000e+04 1.50000000e+03
 1.77500000e+04 1.50000000e+03
 1.87500000e+04 1.50000000e+03
 1.97500000e+04 1.50000000e+03
 2.07500000e+04 1.50000000e+03
 2.17500000e+04 1.50000000e+03
 2.27500000e+04 1.50000000e+03
 2.37500000e+04 1.50000000e+03
 2.47500000e+04 1.50000000e+03
 2.57500000e+04 1.50000000e+03
 2.67500000e+04 1.50000000e+03
 2.77500000e+04 1.50000000e+03
 2.87500000e+04 1.50000000e+03
 2.97500000e+04 1.50000000e+03
 3.07500000e+04 1.50000000e+03
 3.17500000e+04 1.50000000e+03
 3.27500000e+04 1.50000000e+03
 3.37500000e+04 1.50000000e+03
 3.47500000e+04 1.50000000e+03
 2.50000000e+02 2.50000000e+03
 1.25000000e+03 2.50000000e+03
 2.25000000e+03 2.50000000e+03
 3.25000000e+03 2.50000000e+03
 4.25000000e+03 2.50000000e+03
 5.25000000e+03 2.50000000e+03
 6.25000000e+03 2.50000000e+03
 7.25000000e+03 2.50000000e+03
 8.25000000e+03 2.50000000e+03
 9.25000000e+03 2.50000000e+03
 1.02500000e+04 2.50000000e+03
 1.12500000e+04 2.50000000e+03
 1.22500000e+04 2.50000000e+03
 1.32500000e+04 2.50000000e+03
 1.42500000e+04 2.50000000e+03
 1.52500000e+04 2.50000000e+03
 1.62500000e+04 2.50000000e+03
 1.72500000e+04 2.50000000e+03
 1.82500000e+04 2.50000000e+03
 1.92500000e+04 2.50000000e+03
 2.02500000e+04 2.50000000e+03
 2.12500000e+04 2.50000000e+03
 2.22500000e+04 2.50000000e+03
 2.32500000e+04 2.50000000e+03
 2.42500000e+04 2.50000000e+03
 2.52500000e+04 2.50000000e+03
 2.62500000e+04 2.50000000e+03
 2.72500000e+04 2.50000000e+03
 2.82500000e+04 2.50000000e+03
 2.92500000e+04 2.50000000e+03
 3.02500000e+04 2.50000000e+03
 3.12500000e+04 2.50000000e+03
 3.22500000e+04 2.50000000e+03
 3.32500000e+04 2.50000000e+03
 3.42500000e+04 2.50000000e+03
 7.50000000e+02 3.50000000e+03
 1.75000000e+03 3.50000000e+03
 2.75000000e+03 3.50000000e+03
 3.75000000e+03 3.50000000e+03
 4.75000000e+03 3.50000000e+03
 5.75000000e+03 3.50000000e+03
 6.75000000e+03 3.50000000e+03
 7.75000000e+03 3.50000000e+03
 8.75000000e+03 3.50000000e+03
 9.75000000e+03 3.50000000e+03
 1.07500000e+04 3.50000000e+03
 1.17500000e+04 3.50000000e+03
 1.27500000e+04 3.50000000e+03
 1.37500000e+04 3.50000000e+03
 1.47500000e+04 3.50000000e+03
 1.57500000e+04 3.50000000e+03
 1.67500000e+04 3.50000000e+03
 1.77500000e+04 3.50000000e+03
 1.87500000e+04 3.50000000e+03
 1.97500000e+04 3.50000000e+03
 2.07500000e+04 3.50000000e+03
 2.17500000e+04 3.50000000e+03
 2.27500000e+04 3.50000000e+03
 2.37500000e+04 3.50000000e+03
 2.47500000e+04 3.50000000e+03
 2.57500000e+04 3.50000000e+03
 2.67500000e+04 3.50000000e+03
 2.77500000e+04 3.50000000e+03
 2.87500000e+04 3.50000000e+03
 2.97500000e+04 3.50000000e+03
 3.07500000e+04 3.50000000e+03
 3.17500000e+04 3.50000000e+03
 3.27500000e+04 3.50000000e+03
 3.37500000e+04 3.50000000e+03
 3.47500000e+04 3.50000000e+03
 2.50000000e+02 4.50000000e+03
 1.25000000e+03 4.50000000e+03
 2.25000000e+03 4.50000000e+03
 3.25000000e+03 4.50000000e+03
 4.25000000e+03 4.50000000e+03
 5.25000000e+03 4.50000000e+03
 6.25000000e+03 4.50000000e+03
 7.25000000e+03 4.50000000e+03
 8.25000000e+03 4.50000000e+03
 9.25000000e+03 4.50000000e+03
 1.02500000e+04 4.50000000e+03
 1.12500000e+04 4.50000000e+03
 1.22500000e+04 4.50000000e+03
 1.32500000e+04 4.50000000e+03
 1.42500000e+04 4.50000000e+03
 1.52500000e+04 4.50000000e+03
 1.62500000e+04 4.50000000e+03
 1.72500000e+04 4.50000000e+03
 1.82500000e+04 4.50000000e+03
 1.92500000e+04 4.50000000e+03
 2.02500000e+04 4.50000000e+03
 2.12500000e+04 4.50000000e+03
 2.22500000e+04 4.50000000e+03
 2.32500000e+04 4.50000000e+03
 2.42500000e+04 4.50000000e+03
 2.52500000e+04 4.50000000e+03
 2.62500000e+04 4.50000000e+03
 2.72500000e+04 4.50000000e+03
 2.82500000e+04 4.50000000e+03
 2.92500000e+04 4.50000000e+03
 3.02500000e+04 4.50000000e+03
 3.12500000e+04 4.50000000e+03
 3.22500000e+04 4.50000000e+03
 3.32500000e+04 4.50000000e+03
 3.42500000e+04 4.50000000e+03
 7.50000000e+02 5.50000000e+03
 1.75000000e+03 5.50000000e+03
 2.75000000e+03 5.50000000e+03
 3.75000000e+03 5.50000000e+03
 4.75000000e+03 5.50000000e+03
 5.75000000e+03 5.50000000e+03
 6.75000000e+03 5.50000000e+03
 7.75000000e+03 5.50000000e+03
 8.75000000e+03 5.50000000e+03
 9.75000000e+03 5.50000000e+03
 1.07500000e+04 5.50000000e+03
 1.17500000e+04 5.50000000e+03
 1.27500000e+04 5.50000000e+03
 1.37500000e+04 5.50000000e+03
 1.47500000e+04 5.50000000e+03
 1.57500000e+04 5.50000000e+03
 1.67500000e+04 5.50000000e+03
 1.77500000e+04 5.50000000e+03
 1.87500000e+04 5.50000000e+03
 1.97500000e+04 5.50000000e+03
 2.07500000e+04 5.50000000e+03
 2.17500000e+04 5.50000000e+03
 2.27500000e+04 5.50000000e+03
 2.37500000e+04 5.50000000e+03
 2.47500000e+04 5.50000000e+03
 2.57500000e+04 5.50000000e+03
 2.67500000e+04 5.50000000e+03
 2.77500000e+04 5.50000000e+03
 2.87500000e+04 5.50000000e+03
 2.97500000e+04 5.50000000e+03
 3.07500000e+04 5.50000000e+03
 3.17500000e+04 5.50000000e+03
 3.27500000e+04 5.50000000e+03
 3.37500000e+04 5.50000000e+03
 3.47500000e+04 5.50000000e+03
 2.50000000e+02 6.50000000e+03
 1.25000000e+03 6.50000000e+03
 2.25000000e+03 6.50000000e+03
 3.25000000e+03 6.50000000e+03
 4.25000000e+03 6.50000000e+03
 5.25000000e+03 6.50000000e+03
 6.25000000e+03 6.50000000e+03
 7.25000000e+03 6.50000000e+03
 8.25000000e+03 6.50000000e+03
 9.25000000e+03 6.50000000e+03
 1.02500000e+04 6.50000000e+03
 1.12500000e+04 6.50000000e+03
 1.22500000e+04 6.50000000e+03
 1.32500000e+04 6.50000000e+03
 1.42500000e+04 6.50000000e+03
 1.52500000e+04 6.50000000e+03
 1.62500000e+04 6.50000000e+03
 1.72500000e+04 6.50000000e+03
 1.82500000e+04 6.50000000e+03
 1.92500000e+04 6.50000000e+03
 2.02500000e+04 6.50000000e+03
 2.12500000e+04 6.50000000e+03
 2.22500000e+04 6.50000000e+03
 2.32500000e+04 6.50000000e+03
 2.42500000e+04 6.50000000e+03
 2.52500000e+04 6.50000000e+03
 2.62500000e+04 6.50000000e+03
 2.72500000e+04 6.50000000e+03
 2.82500000e+04 6.50000000e+03
 2.92500000e+04 6.50000000e+03
 3.02500000e+04 6.50000000e+03
 3.12500000e+04 6.50000000e+03
 3.22500000e+04 6.50000000e+03
 3.32500000e+04 6.50000000e+03
 3.42500000e+04 6.50000000e+03
 7.50000000e+02 7.50000000e+03
 1.75000000e+03 7.50000000e+03
 2.75000000e+03 7.50000000e+03
 3.75000000e+03 7.50000000e+03
 4.75000000e+03 7.50000000e+03
 5.75000000e+03 7.50000000e+03
 6.75000000e+03 7.50000000e+03
 7.75000000e+03 7.50000000e+03
 8.75000000e+03 7.50000000e+03
 9.75000000e+03 7.50000000e+03
 1.07500000e+04 7.50000000e+03
 1.17500000e+04 7.50000000e+03
 1.27500000e+04 7.50000000e+03
 1.37500000e+04 7.50000000e+03
 1.47500000e+04 7.50000000e+03
 1.57500000e+04 7.50000000e+03
 1.67500000e+04 7.50000000e+03
 1.77500000e+04 7.50000000e+03
 1.87500000e+04 7.50000000e+03
 1.97500000e+04 7.50000000e+03
 2.07500000e+04 7.50000000e+03
 2.17500000e+04 7.50000000e+03
 2.27500000e+04 7.50000000e+03
 2.37500000e+04 7.50000000e+03
 2.47500000e+04 7.50000000e+03
 2.57500000e+04 7.50000000e+03
 2.67500000e+04 7.50000000e+03
 2.77500000e+04 7.50000000e+03
 2.87500000e+04 7.50000000e+03
 2.97500000e+04 7.50000000e+03
 3.07500000e+04 7.50000000e+03
 3.17500000e+04 7.50000000e+03
 3.27500000e+04 7.50000000e+03
 3.37500000e+04 7.50000000e+03
 3.47500000e+04 7.50000000e+03
 2.50000000e+02 8.50000000e+03
 1.25000000e+03 8.50000000e+03
 2.25000000e+03 8.50000000e+03
 3.25000000e+03 8.50000000e+03
 4.25000000e+03 8.50000000e+03
 5.25000000e+03 8.50000000e+03
 6.25000000e+03 8.50000000e+03
 7.25000000e+03 8.50000000e+03
 8.25000000e+03 8.50000000e+03
 9.25000000e+03 8.50000000e+03
 1.02500000e+04 8.50000000e+03
 1.12500000e+04 8.50000000e+03
 1.22500000e+04 8.50000000e+03
 1.32500000e+04 8.50000000e+03
 1.42500000e+04 8.50000000e+03
 1.52500000e+04 8.50000000e+03
 1.62500000e+04 8.50000000e+03
 1.72500000e+04 8.50000000e+03
 1.82500000e+04 8.50000000e+03
 1.92500000e+04 8.50000000e+03
 2.02500000e+04 8.50000000e+03
 2.12500000e+04 8.50000000e+03
 2.22500000e+04 8.50000000e+03
 2.32500000e+04 8.50000000e+03
 2.42500000e+04 8.50000000e+03
 2.52500000e+04 8.50000000e+03
 2.62500000e+04 8.50000000e+03
 2.72500000e+04 8.50000000e+03
 2.82500000e+04 8.50000000e+03
 2.92500000e+04 8.50000000e+03
 3.02500000e+04 8.50000000e+03
 3.12500000e+04 8.50000000e+03
 3.22500000e+04 8.50000000e+03
 3.32500000e+04 8.50000000e+03
 3.42500000e+04 8.50000000e+03
 7.50000000e+02 9.50000000e+03
 1.75000000e+03 9.50000000e+03
 2.75000000e+03 9.50000000e+03
 3.75000000e+03 9.50000000e+03
 4.75000000e+03 9.50000000e+03
 5.75000000e+03 9.50000000e+03
 6.75000000e+03 9.50000000e+03
 7.75000000e+03 9.50000000e+03
 8.75000000e+03 9.50000000e+03
 9.75000000e+03 9.50000000e+03
 1.07500000e+04 9.50000000e+03
 1.17500000e+04 9.50000000e+03
 1.27500000e+04 9.50000000e+03
 1.37500000e+04 9.50000000e+03
 1.47500000e+04 9.50000000e+03
 1.57500000e+04 9.50000000e+03
 1.67500000e+04 9.50000000e+03
 1.77500000e+04 9.50000000e+03
 1.87500000e+04 9.50000000e+03
 1.97500000e+04 9.50000000e+03
 2.07500000e+04 9.50000000e+03
 2.17500000e+04 9.50000000e+03
 2.27500000e+04 9.50000000e+03
 2.37500000e+04 9.50000000e+03
 2.47500000e+04 9.50000000e+03
 2.57500000e+04 9.50000000e+03
 2.67500000e+04 9.50000000e+03
 2.77500000e+04 9.50000000e+03
 2.87500000e+04 9.50000000e+03
 2.97500000e+04 9.50000000e+03
 3.07500000e+04 9.50000000e+03
 3.17500000e+04 9.50000000e+03
 3.27500000e+04 9.50000000e+03
 3.37500000e+04 9.50000000e+03
 3.47500000e+04 9.50000000e+03
 2.50000000e+02 1.05000000e+04
 1.25000000e+03 1.05000000e+04
 2.25000000e+03 1.05000000e+04
 3.25000000e+03 1.05000000e+04
 4.25000000e+03 1.05000000e+04
 5.25000000e+03 1.05000000e+04
 6.25000000e+03 1.05000000e+04
 7.25000000e+03 1.05000000e+04
 8.25000000e+03 1.05000000e+04
 9.25000000e+03 1.05000000e+04
 1.02500000e+04 1.05000000e+04
 1.12500000e+04 1.05000000e+04
 1.22500000e+04 1.05000000e+04
 1.32500000e+04 1.05000000e+04
 1.42500000e+04 1.05000000e+04
 1.52500000e+04 1.05000000e+04
 1.62500000e+04 1.05000000e+04
 1.72500000e+04 1.05000000e+04
 1.82500000e+04 1.05000000e+04
 1.92500000e+04 1.05000000e+04
 2.02500000e+04 1.05000000e+04
 2.12500000e+04 1.05000000e+04
 2.22500000e+04 1.05000000e+04
 2.32500000e+04 1.05000000e+04
 2.42500000e+04 1.05000000e+04
 2.52500000e+04 1.05000000e+04
 2.62500000e+04 1.05000000e+04
 2.72500000e+04 1.05000000e+04
 2.82500000e+04 1.05000000e+04
 2.92500000e+04 1.05000000e+04
 3.02500000e+04 1.05000000e+04
 3.12500000e+04 1.05000000e+04
 3.22500000e+04 1.05000000e+04
 3.32500000e+04 1.05000000e+04
 3.42500000e+04 1.05000000e+04
 7.50000000e+02 1.15000000e+04
 1.75000000e+03 1.15000000e+04
 2.75000000e+03 1.15000000e+04
 3.75000000e+03 1.15000000e+04
 4.75000000e+03 1.15000000e+04
 5.75000000e+03 1.15000000e+04
 6.75000000e+03 1.15000000e+04
 7.75000000e+03 1.15000000e+04
 8.75000000e+03 1.15000000e+04
 9.75000000e+03 1.15000000e+04
 1.07500000e+04 1.15000000e+04
 1.17500000e+04 1.15000000e+04
 1.27500000e+04 1.15000000e+04
 1.37500000e+04 1.15000000e+04
 1.47500000e+04 1.15000000e+04
 1.57500000e+04 1.15000000e+04
 1.67500000e+04 1.15000000e+04
 1.77500000e+04 1.15000000e+04
 1.87500000e+04 1.15000000e+04
 1.97500000e+04 1.15000000e+04
 2.07500000e+04 1.15000000e+04
 2.17500000e+04 1.15000000e+04
 2.27500000e+04 1.15000000e+04
 2.37500000e+04 1.15000000e+04
 2.47500000e+04 1.15000000e+04
 2.57500000e+04 1.15000000e+04
 2.67500000e+04 1.15000000e+04
 2.77500000e+04 1.15000000e+04
 2.87500000e+04 1.15000000e+04
 2.97500000e+04 1.15000000e+04
 3.07500000e+04 1.15000000e+04
 3.17500000e+04 1.15000000e+04
 3.27500000e+04 1.15000000e+04
 3.37500000e+04 1.15000000e+04
 3.47500000e+04 1.15000000e+04
 2.50000000e+02 1.25000000e+04
 1.25000000e+03 1.25000000e+04
 2.25000000e+03 1.25000000e+04
 3.25000000e+03 1.25000000e+04
 4.25000000e+03 1.25000000e+04
 5.25000000e+03 1.25000000e+04
 6.25000000e+03 1.25000000e+04
 7.25000000e+03 1.25000000e+04
 8.25000000e+03 1.25000000e+04
 9.25000000e+03 1.25000000e+04
 1.02500000e+04 1.25000000e+04
 1.12500000e+04 1.25000000e+04
 1.22500000e+04 1.25000000e+04
 1.32500000e+04 1.25000000e+04
 1.42500000e+04 1.25000000e+04
 1.52500000e+04 1.25000000e+04
 1.62500000e+04 1.25000000e+04
 1.72500000e+04 1.25000000e+04
 1.82500000e+04 1.25000000e+04
 1.92500000e+04 1.25000000e+04
 2.02500000e+04 1.25000000e+04
 2.12500000e+04 1.25000000e+04
 2.22500000e+04 1.25000000e+04
 2.32500000e+04 1.25000000e+04
 2.42500000e+04 1.25000000e+04
 2.52500000e+04 1.25000000e+04
 2.62500000e+04 1.25000000e+04
 2.72500000e+04 1.25000000e+04
 2.82500000e+04 1.25000000e+04
 2.92500000e+04 1.25000000e+04
 3.02500000e+04 1.25000000e+04
 3.12500000e+04 1.25000000e+04
 3.22500000e+04 1.25000000e+04
 3.32500000e+04 1.25000000e+04
 3.42500000e+04 1.25000000e+04
 7.50000000e+02 1.35000000e+04
 1.75000000e+03 1.35000000e+04
 2.75000000e+03 1.35000000e+04
 3.75000000e+03 1.35000000e+04
 4.75000000e+03 1.35000000e+04
 5.75000000e+03 1.35000000e+04
 6.75000000e+03 1.35000000e+04
 7.75000000e+03 1.35000000e+04
 8.75000000e+03 1.35000000e+04
 9.75000000e+03 1.35000000e+04
 1.07500000e+04 1.35000000e+04
 1.17500000e+04 1.35000000e+04
 1.27500000e+04 1.35000000e+04
 1.37500000e+04 1.35000000e+04
 1.47500000e+04 1.35000000e+04
 1.57500000e+04 1.35000000e+04
 1.67500000e+04 1.35000000e+04
 1.77500000e+04 1.35000000e+04
 1.87500000e+04 1.35000000e+04
 1.97500000e+04 1.35000000e+04
 2.07500000e+04 1.35000000e+04
 2.17500000e+04 1.35000000e+04
 2.27500000e+04 1.35000000e+04
 2.37500000e+04 1.35000000e+04
 2.47500000e+04 1.35000000e+04
 2.57500000e+04 1.35000000e+04
 2.67500000e+04 1.35000000e+04
 2.77500000e+04 1.35000000e+04
 2.87500000e+04 1.35000000e+04
 2.97500000e+04 1.35000000e+04
 3.07500000e+04 1.35000000e+04
 3.17500000e+04 1.35000000e+04
 3.27500000e+04 1.35000000e+04
 3.37500000e+04 1.35000000e+04
 3.47500000e+04 1.35000000e+04
 2.50000000e+02 1.45000000e+04
 1.25000000e+03 1.45000000e+04
 2.25000000e+03 1.45000000e+04
 3.25000000e+03 1.45000000e+04
 4.25000000e+03 1.45000000e+04
 5.25000000e+03 1.45000000e+04
 6.25000000e+03 1.45000000e+04
 7.25000000e+03 1.45000000e+04
 8.25000000e+03 1.45000000e+04
 9.25000000e+03 1.45000000e+04
 1.02500000e+04 1.45000000e+04
 1.12500000e+04 1.45000000e+04
 1.22500000e+04 1.45000000e+04
 1.32500000e+04 1.45000000e+04
 1.42500000e+04 1.45000000e+04
 1.52500000e+04 1.45000000e+04
 1.62500000e+04 1.45000000e+04
 1.72500000e+04 1.45000000e+04
 1.82500000e+04 1.45000000e+04
 1.92500000e+04 1.45000000e+04
 2.02500000e+04 1.45000000e+04
 2.12500000e+04 1.45000000e+04
 2.22500000e+04 1.45000000e+04
 2.32500000e+04 1.45000000e+04
 2.42500000e+04 1.45000000e+04
 2.52500000e+04 1.45000000e+04
 2.62500000e+04 1.45000000e+04
 2.72500000e+04 1.45000000e+04
 2.82500000e+04 1.45000000e+04
 2.92500000e+04 1.45000000e+04
 3.02500000e+04 1.45000000e+04
 3.12500000e+04 1.45000000e+04
 3.22500000e+04 1.45000000e+04
 3.32500000e+04 1.45000000e+04
 3.42500000e+04 1.45000000e+04
 7.50000000e+02 1.55000000e+04
 1.75000000e+03 1.55000000e+04
 2.75000000e+03 1.55000000e+04
 3.75000000e+03 1.55000000e+04
 4.75000000e+03 1.55000000e+04
 5.75000000e+03 1.55000000e+04
 6.75000000e+03 1.55000000e+04
 7.75000000e+03 1.55000000e+04
 8.75000000e+03 1.55000000e+04
 9.75000000e+03 1.55000000e+04
 1.07500000e+04 1.55000000e+04
 1.17500000e+04 1.55000000e+04
 1.27500000e+04 1.55000000e+04
 1.37500000e+04 1.55000000e+04
 1.47500000e+04 1.55000000e+04
 1.57500000e+04 1.55000000e+04
 1.67500000e+04 1.55000000e+04
 1.77500000e+04 1.55000000e+04
 1.87500000e+04 1.55000000e+04
 1.97500000e+04 1.55000000e+04
 2.07500000e+04 1.55000000e+04
 2.17500000e+04 1.55000000e+04
 2.27500000e+04 1.55000000e+04
 2.37500000e+04 1.55000000e+04
 2.47500000e+04 1.55000000e+04
 2.57500000e+04 1.55000000e+04
 2.67500000e+04 1.55000000e+04
 2.77500000e+04 1.55000000e+04
 2.87500000e+04 1.55000000e+04
 2.97500000e+04 1.55000000e+04
 3.07500000e+04 1.55000000e+04
 3.17500000e+04 1.55000000e+04
 3.27500000e+04 1.55000000e+04
 3.37500000e+04 1.55000000e+04
 3.47500000e+04 1.55000000e+04
 2.50000000e+02 1.65000000e+04
 1.25000000e+03 1.65000000e+04
 2.25000000e+03 1.65000000e+04
 3.25000000e+03 1.65000000e+04
 4.25000000e+03 1.65000000e+04
 5.25000000e+03 1.65000000e+04
 6.25000000e+03 1.65000000e+04
 7.25000000e+03 1.65000000e+04
 8.25000000e+03 1.65000000e+04
 9.25000000e+03 1.65000000e+04
 1.02500000e+04 1.65000000e+04
 1.12500000e+04 1.65000000e+04
 1.22500000e+04 1.65000000e+04
 1.32500000e+04 1.65000000e+04
 1.42500000e+04 1.65000000e+04
 1.52500000e+04 1.65000000e+04
 1.62500000e+04 1.65000000e+04
 1.72500000e+04 1.65000000e+04
 1.82500000e+04 1.65000000e+04
 1.92500000e+04 1.65000000e+04
 2.02500000e+04 1.65000000e+04
 2.12500000e+04 1.65000000e+04
 2.22500000e+04 1.65000000e+04
 2.32500000e+04 1.65000000e+04
 2.42500000e+04 1.65000000e+04
 2.52500000e+04 1.65000000e+04
 2.62500000e+04 1.65000000e+04
 2.72500000e+04 1.65000000e+04
 2.82500000e+04 1.65000000e+04
 2.92500000e+04 1.65000000e+04
 3.02500000e+04 1.65000000e+04
 3.12500000e+04 1.65000000e+04
 3.22500000e+04 1.65000000e+04
 3.32500000e+04 1.65000000e+04
 3.42500000e+04 1.65000000e+04
