  0.25000000000000000       0.50000000000000000     
   1.2500000000000000       0.50000000000000000     
   2.2500000000000000       0.50000000000000000     
   3.2500000000000000       0.50000000000000000     
   4.2500000000000000       0.50000000000000000     
   5.2500000000000000       0.50000000000000000     
   6.2500000000000000       0.50000000000000000     
   7.2500000000000000       0.50000000000000000     
   8.2500000000000000       0.50000000000000000     
   9.2500000000000000       0.50000000000000000     
   10.250000000000000       0.50000000000000000     
   11.250000000000000       0.50000000000000000     
   12.250000000000000       0.50000000000000000     
   13.250000000000000       0.50000000000000000     
   14.250000000000000       0.50000000000000000     
   15.250000000000000       0.50000000000000000     
   16.250000000000000       0.50000000000000000     
   17.250000000000000       0.50000000000000000     
   18.250000000000000       0.50000000000000000     
   19.250000000000000       0.50000000000000000     
   20.250000000000000       0.50000000000000000     
   21.250000000000000       0.50000000000000000     
   22.250000000000000       0.50000000000000000     
   23.250000000000000       0.50000000000000000     
   24.250000000000000       0.50000000000000000     
   25.250000000000000       0.50000000000000000     
   26.250000000000000       0.50000000000000000     
   27.250000000000000       0.50000000000000000     
   28.250000000000000       0.50000000000000000     
   29.250000000000000       0.50000000000000000     
   30.250000000000000       0.50000000000000000     
   31.250000000000000       0.50000000000000000     
   32.250000000000000       0.50000000000000000     
   33.250000000000000       0.50000000000000000     
   34.250000000000000       0.50000000000000000     
  0.75000000000000000        1.5000000000000000     
   1.7500000000000000        1.5000000000000000     
   2.7500000000000000        1.5000000000000000     
   3.7500000000000000        1.5000000000000000     
   4.7500000000000000        1.5000000000000000     
   5.7500000000000000        1.5000000000000000     
   6.7500000000000000        1.5000000000000000     
   7.7500000000000000        1.5000000000000000     
   8.7500000000000000        1.5000000000000000     
   9.7500000000000000        1.5000000000000000     
   10.750000000000000        1.5000000000000000     
   11.750000000000000        1.5000000000000000     
   12.750000000000000        1.5000000000000000     
   13.750000000000000        1.5000000000000000     
   14.750000000000000        1.5000000000000000     
   15.750000000000000        1.5000000000000000     
   16.750000000000000        1.5000000000000000     
   17.750000000000000        1.5000000000000000     
   18.750000000000000        1.5000000000000000     
   19.750000000000000        1.5000000000000000     
   20.750000000000000        1.5000000000000000     
   21.750000000000000        1.5000000000000000     
   22.750000000000000        1.5000000000000000     
   23.750000000000000        1.5000000000000000     
   24.750000000000000        1.5000000000000000     
   25.750000000000000        1.5000000000000000     
   26.750000000000000        1.5000000000000000     
   27.750000000000000        1.5000000000000000     
   28.750000000000000        1.5000000000000000     
   29.750000000000000        1.5000000000000000     
   30.750000000000000        1.5000000000000000     
   31.750000000000000        1.5000000000000000     
   32.750000000000000        1.5000000000000000     
   33.750000000000000        1.5000000000000000     
   34.750000000000000        1.5000000000000000     
  0.25000000000000000        2.5000000000000000     
   1.2500000000000000        2.5000000000000000     
   2.2500000000000000        2.5000000000000000     
   3.2500000000000000        2.5000000000000000     
   4.2500000000000000        2.5000000000000000     
   5.2500000000000000        2.5000000000000000     
   6.2500000000000000        2.5000000000000000     
   7.2500000000000000        2.5000000000000000     
   8.2500000000000000        2.5000000000000000     
   9.2500000000000000        2.5000000000000000     
   10.250000000000000        2.5000000000000000     
   11.250000000000000        2.5000000000000000     
   12.250000000000000        2.5000000000000000     
   13.250000000000000        2.5000000000000000     
   14.250000000000000        2.5000000000000000     
   15.250000000000000        2.5000000000000000     
   16.250000000000000        2.5000000000000000     
   17.250000000000000        2.5000000000000000     
   18.250000000000000        2.5000000000000000     
   19.250000000000000        2.5000000000000000     
   20.250000000000000        2.5000000000000000     
   21.250000000000000        2.5000000000000000     
   22.250000000000000        2.5000000000000000     
   23.250000000000000        2.5000000000000000     
   24.250000000000000        2.5000000000000000     
   25.250000000000000        2.5000000000000000     
   26.250000000000000        2.5000000000000000     
   27.250000000000000        2.5000000000000000     
   28.250000000000000        2.5000000000000000     
   29.250000000000000        2.5000000000000000     
   30.250000000000000        2.5000000000000000     
   31.250000000000000        2.5000000000000000     
   32.250000000000000        2.5000000000000000     
   33.250000000000000        2.5000000000000000     
   34.250000000000000        2.5000000000000000     
  0.75000000000000000        3.5000000000000000     
   1.7500000000000000        3.5000000000000000     
   2.7500000000000000        3.5000000000000000     
   3.7500000000000000        3.5000000000000000     
   4.7500000000000000        3.5000000000000000     
   5.7500000000000000        3.5000000000000000     
   6.7500000000000000        3.5000000000000000     
   7.7500000000000000        3.5000000000000000     
   8.7500000000000000        3.5000000000000000     
   9.7500000000000000        3.5000000000000000     
   10.750000000000000        3.5000000000000000     
   11.750000000000000        3.5000000000000000     
   12.750000000000000        3.5000000000000000     
   13.750000000000000        3.5000000000000000     
   14.750000000000000        3.5000000000000000     
   15.750000000000000        3.5000000000000000     
   16.750000000000000        3.5000000000000000     
   17.750000000000000        3.5000000000000000     
   18.750000000000000        3.5000000000000000     
   19.750000000000000        3.5000000000000000     
   20.750000000000000        3.5000000000000000     
   21.750000000000000        3.5000000000000000     
   22.750000000000000        3.5000000000000000     
   23.750000000000000        3.5000000000000000     
   24.750000000000000        3.5000000000000000     
   25.750000000000000        3.5000000000000000     
   26.750000000000000        3.5000000000000000     
   27.750000000000000        3.5000000000000000     
   28.750000000000000        3.5000000000000000     
   29.750000000000000        3.5000000000000000     
   30.750000000000000        3.5000000000000000     
   31.750000000000000        3.5000000000000000     
   32.750000000000000        3.5000000000000000     
   33.750000000000000        3.5000000000000000     
   34.750000000000000        3.5000000000000000     
  0.25000000000000000        4.5000000000000000     
   1.2500000000000000        4.5000000000000000     
   2.2500000000000000        4.5000000000000000     
   3.2500000000000000        4.5000000000000000     
   4.2500000000000000        4.5000000000000000     
   5.2500000000000000        4.5000000000000000     
   6.2500000000000000        4.5000000000000000     
   7.2500000000000000        4.5000000000000000     
   8.2500000000000000        4.5000000000000000     
   9.2500000000000000        4.5000000000000000     
   10.250000000000000        4.5000000000000000     
   11.250000000000000        4.5000000000000000     
   12.250000000000000        4.5000000000000000     
   13.250000000000000        4.5000000000000000     
   14.250000000000000        4.5000000000000000     
   15.250000000000000        4.5000000000000000     
   16.250000000000000        4.5000000000000000     
   17.250000000000000        4.5000000000000000     
   18.250000000000000        4.5000000000000000     
   19.250000000000000        4.5000000000000000     
   20.250000000000000        4.5000000000000000     
   21.250000000000000        4.5000000000000000     
   22.250000000000000        4.5000000000000000     
   23.250000000000000        4.5000000000000000     
   24.250000000000000        4.5000000000000000     
   25.250000000000000        4.5000000000000000     
   26.250000000000000        4.5000000000000000     
   27.250000000000000        4.5000000000000000     
   28.250000000000000        4.5000000000000000     
   29.250000000000000        4.5000000000000000     
   30.250000000000000        4.5000000000000000     
   31.250000000000000        4.5000000000000000     
   32.250000000000000        4.5000000000000000     
   33.250000000000000        4.5000000000000000     
   34.250000000000000        4.5000000000000000     
  0.75000000000000000        5.5000000000000000     
   1.7500000000000000        5.5000000000000000     
   2.7500000000000000        5.5000000000000000     
   3.7500000000000000        5.5000000000000000     
   4.7500000000000000        5.5000000000000000     
   5.7500000000000000        5.5000000000000000     
   6.7500000000000000        5.5000000000000000     
   7.7500000000000000        5.5000000000000000     
   8.7500000000000000        5.5000000000000000     
   9.7500000000000000        5.5000000000000000     
   10.750000000000000        5.5000000000000000     
   11.750000000000000        5.5000000000000000     
   12.750000000000000        5.5000000000000000     
   13.750000000000000        5.5000000000000000     
   14.750000000000000        5.5000000000000000     
   15.750000000000000        5.5000000000000000     
   16.750000000000000        5.5000000000000000     
   17.750000000000000        5.5000000000000000     
   18.750000000000000        5.5000000000000000     
   19.750000000000000        5.5000000000000000     
   20.750000000000000        5.5000000000000000     
   21.750000000000000        5.5000000000000000     
   22.750000000000000        5.5000000000000000     
   23.750000000000000        5.5000000000000000     
   24.750000000000000        5.5000000000000000     
   25.750000000000000        5.5000000000000000     
   26.750000000000000        5.5000000000000000     
   27.750000000000000        5.5000000000000000     
   28.750000000000000        5.5000000000000000     
   29.750000000000000        5.5000000000000000     
   30.750000000000000        5.5000000000000000     
   31.750000000000000        5.5000000000000000     
   32.750000000000000        5.5000000000000000     
   33.750000000000000        5.5000000000000000     
   34.750000000000000        5.5000000000000000     
  0.25000000000000000        6.5000000000000000     
   1.2500000000000000        6.5000000000000000     
   2.2500000000000000        6.5000000000000000     
   3.2500000000000000        6.5000000000000000     
   4.2500000000000000        6.5000000000000000     
   5.2500000000000000        6.5000000000000000     
   6.2500000000000000        6.5000000000000000     
   7.2500000000000000        6.5000000000000000     
   8.2500000000000000        6.5000000000000000     
   9.2500000000000000        6.5000000000000000     
   10.250000000000000        6.5000000000000000     
   11.250000000000000        6.5000000000000000     
   12.250000000000000        6.5000000000000000     
   13.250000000000000        6.5000000000000000     
   14.250000000000000        6.5000000000000000     
   15.250000000000000        6.5000000000000000     
   16.250000000000000        6.5000000000000000     
   17.250000000000000        6.5000000000000000     
   18.250000000000000        6.5000000000000000     
   19.250000000000000        6.5000000000000000     
   20.250000000000000        6.5000000000000000     
   21.250000000000000        6.5000000000000000     
   22.250000000000000        6.5000000000000000     
   23.250000000000000        6.5000000000000000     
   24.250000000000000        6.5000000000000000     
   25.250000000000000        6.5000000000000000     
   26.250000000000000        6.5000000000000000     
   27.250000000000000        6.5000000000000000     
   28.250000000000000        6.5000000000000000     
   29.250000000000000        6.5000000000000000     
   30.250000000000000        6.5000000000000000     
   31.250000000000000        6.5000000000000000     
   32.250000000000000        6.5000000000000000     
   33.250000000000000        6.5000000000000000     
   34.250000000000000        6.5000000000000000     
  0.75000000000000000        7.5000000000000000     
   1.7500000000000000        7.5000000000000000     
   2.7500000000000000        7.5000000000000000     
   3.7500000000000000        7.5000000000000000     
   4.7500000000000000        7.5000000000000000     
   5.7500000000000000        7.5000000000000000     
   6.7500000000000000        7.5000000000000000     
   7.7500000000000000        7.5000000000000000     
   8.7500000000000000        7.5000000000000000     
   9.7500000000000000        7.5000000000000000     
   10.750000000000000        7.5000000000000000     
   11.750000000000000        7.5000000000000000     
   12.750000000000000        7.5000000000000000     
   13.750000000000000        7.5000000000000000     
   14.750000000000000        7.5000000000000000     
   15.750000000000000        7.5000000000000000     
   16.750000000000000        7.5000000000000000     
   17.750000000000000        7.5000000000000000     
   18.750000000000000        7.5000000000000000     
   19.750000000000000        7.5000000000000000     
   20.750000000000000        7.5000000000000000     
   21.750000000000000        7.5000000000000000     
   22.750000000000000        7.5000000000000000     
   23.750000000000000        7.5000000000000000     
   24.750000000000000        7.5000000000000000     
   25.750000000000000        7.5000000000000000     
   26.750000000000000        7.5000000000000000     
   27.750000000000000        7.5000000000000000     
   28.750000000000000        7.5000000000000000     
   29.750000000000000        7.5000000000000000     
   30.750000000000000        7.5000000000000000     
   31.750000000000000        7.5000000000000000     
   32.750000000000000        7.5000000000000000     
   33.750000000000000        7.5000000000000000     
   34.750000000000000        7.5000000000000000     
  0.25000000000000000        8.5000000000000000     
   1.2500000000000000        8.5000000000000000     
   2.2500000000000000        8.5000000000000000     
   3.2500000000000000        8.5000000000000000     
   4.2500000000000000        8.5000000000000000     
   5.2500000000000000        8.5000000000000000     
   6.2500000000000000        8.5000000000000000     
   7.2500000000000000        8.5000000000000000     
   8.2500000000000000        8.5000000000000000     
   9.2500000000000000        8.5000000000000000     
   10.250000000000000        8.5000000000000000     
   11.250000000000000        8.5000000000000000     
   12.250000000000000        8.5000000000000000     
   13.250000000000000        8.5000000000000000     
   14.250000000000000        8.5000000000000000     
   15.250000000000000        8.5000000000000000     
   16.250000000000000        8.5000000000000000     
   17.250000000000000        8.5000000000000000     
   18.250000000000000        8.5000000000000000     
   19.250000000000000        8.5000000000000000     
   20.250000000000000        8.5000000000000000     
   21.250000000000000        8.5000000000000000     
   22.250000000000000        8.5000000000000000     
   23.250000000000000        8.5000000000000000     
   24.250000000000000        8.5000000000000000     
   25.250000000000000        8.5000000000000000     
   26.250000000000000        8.5000000000000000     
   27.250000000000000        8.5000000000000000     
   28.250000000000000        8.5000000000000000     
   29.250000000000000        8.5000000000000000     
   30.250000000000000        8.5000000000000000     
   31.250000000000000        8.5000000000000000     
   32.250000000000000        8.5000000000000000     
   33.250000000000000        8.5000000000000000     
   34.250000000000000        8.5000000000000000     
  0.75000000000000000        9.5000000000000000     
   1.7500000000000000        9.5000000000000000     
   2.7500000000000000        9.5000000000000000     
   3.7500000000000000        9.5000000000000000     
   4.7500000000000000        9.5000000000000000     
   5.7500000000000000        9.5000000000000000     
   6.7500000000000000        9.5000000000000000     
   7.7500000000000000        9.5000000000000000     
   8.7500000000000000        9.5000000000000000     
   9.7500000000000000        9.5000000000000000     
   10.750000000000000        9.5000000000000000     
   11.750000000000000        9.5000000000000000     
   12.750000000000000        9.5000000000000000     
   13.750000000000000        9.5000000000000000     
   14.750000000000000        9.5000000000000000     
   15.750000000000000        9.5000000000000000     
   16.750000000000000        9.5000000000000000     
   17.750000000000000        9.5000000000000000     
   18.750000000000000        9.5000000000000000     
   19.750000000000000        9.5000000000000000     
   20.750000000000000        9.5000000000000000     
   21.750000000000000        9.5000000000000000     
   22.750000000000000        9.5000000000000000     
   23.750000000000000        9.5000000000000000     
   24.750000000000000        9.5000000000000000     
   25.750000000000000        9.5000000000000000     
   26.750000000000000        9.5000000000000000     
   27.750000000000000        9.5000000000000000     
   28.750000000000000        9.5000000000000000     
   29.750000000000000        9.5000000000000000     
   30.750000000000000        9.5000000000000000     
   31.750000000000000        9.5000000000000000     
   32.750000000000000        9.5000000000000000     
   33.750000000000000        9.5000000000000000     
   34.750000000000000        9.5000000000000000     
  0.25000000000000000        10.500000000000000     
   1.2500000000000000        10.500000000000000     
   2.2500000000000000        10.500000000000000     
   3.2500000000000000        10.500000000000000     
   4.2500000000000000        10.500000000000000     
   5.2500000000000000        10.500000000000000     
   6.2500000000000000        10.500000000000000     
   7.2500000000000000        10.500000000000000     
   8.2500000000000000        10.500000000000000     
   9.2500000000000000        10.500000000000000     
   10.250000000000000        10.500000000000000     
   11.250000000000000        10.500000000000000     
   12.250000000000000        10.500000000000000     
   13.250000000000000        10.500000000000000     
   14.250000000000000        10.500000000000000     
   15.250000000000000        10.500000000000000     
   16.250000000000000        10.500000000000000     
   17.250000000000000        10.500000000000000     
   18.250000000000000        10.500000000000000     
   19.250000000000000        10.500000000000000     
   20.250000000000000        10.500000000000000     
   21.250000000000000        10.500000000000000     
   22.250000000000000        10.500000000000000     
   23.250000000000000        10.500000000000000     
   24.250000000000000        10.500000000000000     
   25.250000000000000        10.500000000000000     
   26.250000000000000        10.500000000000000     
   27.250000000000000        10.500000000000000     
   28.250000000000000        10.500000000000000     
   29.250000000000000        10.500000000000000     
   30.250000000000000        10.500000000000000     
   31.250000000000000        10.500000000000000     
   32.250000000000000        10.500000000000000     
   33.250000000000000        10.500000000000000     
   34.250000000000000        10.500000000000000     
  0.75000000000000000        11.500000000000000     
   1.7500000000000000        11.500000000000000     
   2.7500000000000000        11.500000000000000     
   3.7500000000000000        11.500000000000000     
   4.7500000000000000        11.500000000000000     
   5.7500000000000000        11.500000000000000     
   6.7500000000000000        11.500000000000000     
   7.7500000000000000        11.500000000000000     
   8.7500000000000000        11.500000000000000     
   9.7500000000000000        11.500000000000000     
   10.750000000000000        11.500000000000000     
   11.750000000000000        11.500000000000000     
   12.750000000000000        11.500000000000000     
   13.750000000000000        11.500000000000000     
   14.750000000000000        11.500000000000000     
   15.750000000000000        11.500000000000000     
   16.750000000000000        11.500000000000000     
   17.750000000000000        11.500000000000000     
   18.750000000000000        11.500000000000000     
   19.750000000000000        11.500000000000000     
   20.750000000000000        11.500000000000000     
   21.750000000000000        11.500000000000000     
   22.750000000000000        11.500000000000000     
   23.750000000000000        11.500000000000000     
   24.750000000000000        11.500000000000000     
   25.750000000000000        11.500000000000000     
   26.750000000000000        11.500000000000000     
   27.750000000000000        11.500000000000000     
   28.750000000000000        11.500000000000000     
   29.750000000000000        11.500000000000000     
   30.750000000000000        11.500000000000000     
   31.750000000000000        11.500000000000000     
   32.750000000000000        11.500000000000000     
   33.750000000000000        11.500000000000000     
   34.750000000000000        11.500000000000000     
  0.25000000000000000        12.500000000000000     
   1.2500000000000000        12.500000000000000     
   2.2500000000000000        12.500000000000000     
   3.2500000000000000        12.500000000000000     
   4.2500000000000000        12.500000000000000     
   5.2500000000000000        12.500000000000000     
   6.2500000000000000        12.500000000000000     
   7.2500000000000000        12.500000000000000     
   8.2500000000000000        12.500000000000000     
   9.2500000000000000        12.500000000000000     
   10.250000000000000        12.500000000000000     
   11.250000000000000        12.500000000000000     
   12.250000000000000        12.500000000000000     
   13.250000000000000        12.500000000000000     
   14.250000000000000        12.500000000000000     
   15.250000000000000        12.500000000000000     
   16.250000000000000        12.500000000000000     
   17.250000000000000        12.500000000000000     
   18.250000000000000        12.500000000000000     
   19.250000000000000        12.500000000000000     
   20.250000000000000        12.500000000000000     
   21.250000000000000        12.500000000000000     
   22.250000000000000        12.500000000000000     
   23.250000000000000        12.500000000000000     
   24.250000000000000        12.500000000000000     
   25.250000000000000        12.500000000000000     
   26.250000000000000        12.500000000000000     
   27.250000000000000        12.500000000000000     
   28.250000000000000        12.500000000000000     
   29.250000000000000        12.500000000000000     
   30.250000000000000        12.500000000000000     
   31.250000000000000        12.500000000000000     
   32.250000000000000        12.500000000000000     
   33.250000000000000        12.500000000000000     
   34.250000000000000        12.500000000000000     
  0.75000000000000000        13.500000000000000     
   1.7500000000000000        13.500000000000000     
   2.7500000000000000        13.500000000000000     
   3.7500000000000000        13.500000000000000     
   4.7500000000000000        13.500000000000000     
   5.7500000000000000        13.500000000000000     
   6.7500000000000000        13.500000000000000     
   7.7500000000000000        13.500000000000000     
   8.7500000000000000        13.500000000000000     
   9.7500000000000000        13.500000000000000     
   10.750000000000000        13.500000000000000     
   11.750000000000000        13.500000000000000     
   12.750000000000000        13.500000000000000     
   13.750000000000000        13.500000000000000     
   14.750000000000000        13.500000000000000     
   15.750000000000000        13.500000000000000     
   16.750000000000000        13.500000000000000     
   17.750000000000000        13.500000000000000     
   18.750000000000000        13.500000000000000     
   19.750000000000000        13.500000000000000     
   20.750000000000000        13.500000000000000     
   21.750000000000000        13.500000000000000     
   22.750000000000000        13.500000000000000     
   23.750000000000000        13.500000000000000     
   24.750000000000000        13.500000000000000     
   25.750000000000000        13.500000000000000     
   26.750000000000000        13.500000000000000     
   27.750000000000000        13.500000000000000     
   28.750000000000000        13.500000000000000     
   29.750000000000000        13.500000000000000     
   30.750000000000000        13.500000000000000     
   31.750000000000000        13.500000000000000     
   32.750000000000000        13.500000000000000     
   33.750000000000000        13.500000000000000     
   34.750000000000000        13.500000000000000     
  0.25000000000000000        14.500000000000000     
   1.2500000000000000        14.500000000000000     
   2.2500000000000000        14.500000000000000     
   3.2500000000000000        14.500000000000000     
   4.2500000000000000        14.500000000000000     
   5.2500000000000000        14.500000000000000     
   6.2500000000000000        14.500000000000000     
   7.2500000000000000        14.500000000000000     
   8.2500000000000000        14.500000000000000     
   9.2500000000000000        14.500000000000000     
   10.250000000000000        14.500000000000000     
   11.250000000000000        14.500000000000000     
   12.250000000000000        14.500000000000000     
   13.250000000000000        14.500000000000000     
   14.250000000000000        14.500000000000000     
   15.250000000000000        14.500000000000000     
   16.250000000000000        14.500000000000000     
   17.250000000000000        14.500000000000000     
   18.250000000000000        14.500000000000000     
   19.250000000000000        14.500000000000000     
   20.250000000000000        14.500000000000000     
   21.250000000000000        14.500000000000000     
   22.250000000000000        14.500000000000000     
   23.250000000000000        14.500000000000000     
   24.250000000000000        14.500000000000000     
   25.250000000000000        14.500000000000000     
   26.250000000000000        14.500000000000000     
   27.250000000000000        14.500000000000000     
   28.250000000000000        14.500000000000000     
   29.250000000000000        14.500000000000000     
   30.250000000000000        14.500000000000000     
   31.250000000000000        14.500000000000000     
   32.250000000000000        14.500000000000000     
   33.250000000000000        14.500000000000000     
   34.250000000000000        14.500000000000000     
  0.75000000000000000        15.500000000000000     
   1.7500000000000000        15.500000000000000     
   2.7500000000000000        15.500000000000000     
   3.7500000000000000        15.500000000000000     
   4.7500000000000000        15.500000000000000     
   5.7500000000000000        15.500000000000000     
   6.7500000000000000        15.500000000000000     
   7.7500000000000000        15.500000000000000     
   8.7500000000000000        15.500000000000000     
   9.7500000000000000        15.500000000000000     
   10.750000000000000        15.500000000000000     
   11.750000000000000        15.500000000000000     
   12.750000000000000        15.500000000000000     
   13.750000000000000        15.500000000000000     
   14.750000000000000        15.500000000000000     
   15.750000000000000        15.500000000000000     
   16.750000000000000        15.500000000000000     
   17.750000000000000        15.500000000000000     
   18.750000000000000        15.500000000000000     
   19.750000000000000        15.500000000000000     
   20.750000000000000        15.500000000000000     
   21.750000000000000        15.500000000000000     
   22.750000000000000        15.500000000000000     
   23.750000000000000        15.500000000000000     
   24.750000000000000        15.500000000000000     
   25.750000000000000        15.500000000000000     
   26.750000000000000        15.500000000000000     
   27.750000000000000        15.500000000000000     
   28.750000000000000        15.500000000000000     
   29.750000000000000        15.500000000000000     
   30.750000000000000        15.500000000000000     
   31.750000000000000        15.500000000000000     
   32.750000000000000        15.500000000000000     
   33.750000000000000        15.500000000000000     
   34.750000000000000        15.500000000000000     
  0.25000000000000000        16.500000000000000     
   1.2500000000000000        16.500000000000000     
   2.2500000000000000        16.500000000000000     
   3.2500000000000000        16.500000000000000     
   4.2500000000000000        16.500000000000000     
   5.2500000000000000        16.500000000000000     
   6.2500000000000000        16.500000000000000     
   7.2500000000000000        16.500000000000000     
   8.2500000000000000        16.500000000000000     
   9.2500000000000000        16.500000000000000     
   10.250000000000000        16.500000000000000     
   11.250000000000000        16.500000000000000     
   12.250000000000000        16.500000000000000     
   13.250000000000000        16.500000000000000     
   14.250000000000000        16.500000000000000     
   15.250000000000000        16.500000000000000     
   16.250000000000000        16.500000000000000     
   17.250000000000000        16.500000000000000     
   18.250000000000000        16.500000000000000     
   19.250000000000000        16.500000000000000     
   20.250000000000000        16.500000000000000     
   21.250000000000000        16.500000000000000     
   22.250000000000000        16.500000000000000     
   23.250000000000000        16.500000000000000     
   24.250000000000000        16.500000000000000     
   25.250000000000000        16.500000000000000     
   26.250000000000000        16.500000000000000     
   27.250000000000000        16.500000000000000     
   28.250000000000000        16.500000000000000     
   29.250000000000000        16.500000000000000     
   30.250000000000000        16.500000000000000     
   31.250000000000000        16.500000000000000     
   32.250000000000000        16.500000000000000     
   33.250000000000000        16.500000000000000     
   34.250000000000000        16.500000000000000     
