 5.47326810e-08 -2.36600370e-07 -2.31154050e-07
 3.39965500e-08 -3.48615740e-07 -2.58075940e-07
 -1.10214520e-08 -4.75863370e-07 -2.80676970e-07
 -8.39130440e-08 -6.11035890e-07 -2.98263250e-07
 -1.86656610e-07 -7.47262390e-07 -3.12782900e-07
 -3.18515960e-07 -8.77866060e-07 -3.29792700e-07
 -4.76404150e-07 -9.96510380e-07 -3.55967700e-07
 -6.53499910e-07 -1.09772010e-06 -3.97515520e-07
 -8.37981300e-07 -1.17961170e-06 -4.57425610e-07
 -1.01372690e-06 -1.24518120e-06 -5.33454170e-07
 -1.16318030e-06 -1.30012390e-06 -6.19122490e-07
 -1.27050630e-06 -1.35611540e-06 -7.08910360e-07
 -1.32815980e-06 -1.42548470e-06 -8.01418080e-07
 -1.33923620e-06 -1.52270230e-06 -9.00757410e-07
 -1.31545330e-06 -1.66030440e-06 -1.01150620e-06
 -1.27053580e-06 -1.84175130e-06 -1.13326040e-06
 -1.21812680e-06 -2.06107230e-06 -1.26445040e-06
 -1.16992750e-06 -2.30001820e-06 -1.39830560e-06
 -1.13730960e-06 -2.53402600e-06 -1.52562790e-06
 -1.12869120e-06 -2.73969430e-06 -1.63653490e-06
 -1.14649540e-06 -2.89969330e-06 -1.72249530e-06
 -1.18516250e-06 -2.99802650e-06 -1.77575400e-06
 -1.23609110e-06 -3.02948930e-06 -1.79257290e-06
 -1.28890490e-06 -2.99916220e-06 -1.77033030e-06
 -1.33418120e-06 -2.92494360e-06 -1.70503270e-06
 -1.36473120e-06 -2.84091470e-06 -1.58861230e-06
 -1.37080950e-06 -2.79086430e-06 -1.40769610e-06
 -1.34203450e-06 -2.81735470e-06 -1.14841910e-06
 -1.26905620e-06 -2.94534680e-06 -8.04171350e-07
 -1.14495940e-06 -3.17824920e-06 -3.79696620e-07
 -9.65251270e-07 -3.50339410e-06 1.08279350e-07
 -7.31724530e-07 -3.89568370e-06 6.31762990e-07
 -4.46977820e-07 -4.31842000e-06 1.15454570e-06
 -1.13669050e-07 -4.73223780e-06 1.64058100e-06
 2.66943180e-07 -5.09671510e-06 2.05636750e-06
 6.97826120e-07 -5.37176720e-06 2.36772850e-06
 1.19624500e-06 -5.52318670e-06 2.53714690e-06
 1.80205190e-06 -5.52004210e-06 2.51079470e-06
 2.59407760e-06 -5.33546060e-06 2.19446630e-06
 3.72747580e-06 -4.94409100e-06 1.41158980e-06
 5.51592300e-06 -4.31142730e-06 -1.64898650e-07
 8.58568820e-06 -3.37670460e-06 -3.14303770e-06
 1.41345230e-05 -2.03299740e-06 -8.66518530e-06
 2.44194380e-05 -5.34342100e-08 -1.88703030e-05
 4.36419830e-05 3.03765230e-06 -3.77163310e-05
 7.93918730e-05 8.19824440e-06 -7.23328270e-05
 1.44659080e-04 1.73357930e-05 -1.34884660e-04
 2.59206980e-04 3.42401730e-05 -2.43680190e-04
 4.47198690e-04 6.61606390e-05 -4.20360940e-04
 7.29238030e-04 1.25333140e-04 -6.81352510e-04
 1.11297550e-03 2.28761300e-04 -1.02794460e-03
 1.58812760e-03 3.95561600e-04 -1.44122350e-03
 2.12441640e-03 6.43322130e-04 -1.88096180e-03
 2.67153230e-03 9.84035430e-04 -2.28798740e-03
 3.17701120e-03 1.41814130e-03 -2.60506450e-03
 3.61866360e-03 1.93165730e-03 -2.81112730e-03
 4.00840910e-03 2.50375040e-03 -2.92435270e-03
 4.36564720e-03 3.11749310e-03 -2.97340750e-03
 4.69530840e-03 3.76333180e-03 -2.97191810e-03
 4.99668390e-03 4.43391970e-03 -2.92351490e-03
 5.27228550e-03 5.12199900e-03 -2.83310350e-03
 5.51165130e-03 5.82312840e-03 -2.69877000e-03
 5.70043740e-03 6.53179180e-03 -2.52891730e-03
 5.84581960e-03 7.23812590e-03 -2.36254790e-03
 5.95825170e-03 7.93407760e-03 -2.23277950e-03
 6.02407520e-03 8.61614200e-03 -2.13552010e-03
 6.02260330e-03 9.27949320e-03 -2.05122000e-03
 5.95413800e-03 9.91627480e-03 -1.97282670e-03
 5.81549850e-03 1.05219610e-02 -1.88908410e-03
 5.59212130e-03 1.10930930e-02 -1.78550150e-03
 5.28400950e-03 1.16217360e-02 -1.66871290e-03
 4.92216180e-03 1.20969680e-02 -1.56597860e-03
 4.54818360e-03 1.25116210e-02 -1.49982980e-03
 4.19338840e-03 1.28641790e-02 -1.48249690e-03
 3.86937450e-03 1.31567760e-02 -1.52280460e-03
 3.57292450e-03 1.33916600e-02 -1.62348640e-03
 3.28432280e-03 1.35670930e-02 -1.76530080e-03
 2.99619670e-03 1.36668410e-02 -1.93207250e-03
 2.72916190e-03 1.36527070e-02 -2.12699570e-03
 2.53155550e-03 1.34548470e-02 -2.35661580e-03
 2.48481450e-03 1.29524950e-02 -2.62753040e-03
 2.71514100e-03 1.19486610e-02 -2.95971820e-03
 3.31860500e-03 1.01539430e-02 -3.33455760e-03
 4.26699970e-03 7.17459990e-03 -3.63976230e-03
 5.37534430e-03 2.54356810e-03 -3.67493790e-03
 6.31741850e-03 -4.13561380e-03 -3.19673000e-03
 6.59795380e-03 -1.29154050e-02 -1.94182510e-03
 5.65212030e-03 -2.32679580e-02 2.76248840e-04
 3.16215610e-03 -3.39885730e-02 3.38158430e-03
 -5.97499310e-04 -4.32530010e-02 6.89251260e-03
 -4.74638590e-03 -4.91469760e-02 1.00354090e-02
 -8.33743250e-03 -5.06719980e-02 1.21763770e-02
 -1.08846910e-02 -4.83774990e-02 1.31402900e-02
 -1.23952660e-02 -4.36451990e-02 1.31204240e-02
 -1.29325720e-02 -3.77506800e-02 1.23476680e-02
 -1.25640820e-02 -3.17808130e-02 1.10568630e-02
 -1.15195630e-02 -2.65766480e-02 9.52284410e-03
 -1.01018620e-02 -2.22172850e-02 7.92606730e-03
 -8.56508780e-03 -1.85033720e-02 6.34491820e-03
 -7.11996200e-03 -1.55035430e-02 4.84818920e-03
 -5.83654360e-03 -1.31055130e-02 3.45881100e-03
 -4.73377670e-03 -1.11223390e-02 2.22394520e-03
 -3.85108080e-03 -9.51433000e-03 1.25184860e-03
 -3.20239570e-03 -8.33294820e-03 6.21333660e-04
 -2.75706170e-03 -7.66734870e-03 3.29328210e-04
 -2.43665420e-03 -7.40952320e-03 2.92055280e-04
 -2.13067000e-03 -7.00712860e-03 3.54136660e-04
 -1.75400240e-03 -5.93566890e-03 3.81246030e-04
 -1.33585290e-03 -4.48863490e-03 3.87390380e-04
 -9.34165380e-04 -3.35091720e-03 4.57462940e-04
 -5.31988740e-04 -2.63019230e-03 5.43200060e-04
 -1.21362620e-04 -1.89955770e-03 5.37692160e-04
 2.35699060e-04 -7.67611720e-04 3.90992060e-04
 5.40801090e-04 8.54784560e-04 8.88878710e-05
 8.52029300e-04 2.64149070e-03 -3.23543850e-04
 1.17879710e-03 4.18004110e-03 -7.45214350e-04
 1.52982360e-03 5.50357350e-03 -1.12030750e-03
 1.93316280e-03 6.86697890e-03 -1.43777750e-03
 2.35462820e-03 8.13832040e-03 -1.63713040e-03
 2.71733200e-03 9.04810430e-03 -1.68325580e-03
 3.00801960e-03 9.65460670e-03 -1.64412180e-03
 3.24783800e-03 1.01079800e-02 -1.61584070e-03
 3.40806020e-03 1.03621780e-02 -1.57534330e-03
 3.41572820e-03 1.03813540e-02 -1.47394510e-03
 3.26935920e-03 1.02762680e-02 -1.35743850e-03
 3.01832730e-03 1.00413260e-02 -1.30052780e-03
 2.69048870e-03 9.43740270e-03 -1.28332820e-03
 2.29009100e-03 8.32015830e-03 -1.21771770e-03
 1.86720110e-03 7.02896850e-03 -1.08027890e-03
 1.49349310e-03 6.08617390e-03 -9.58749560e-04
 1.21359150e-03 5.60414650e-03 -9.32794470e-04
 1.01700390e-03 5.21234980e-03 -9.62243650e-04
 8.43180520e-04 4.43262890e-03 -9.44903300e-04
 6.59435870e-04 3.29367230e-03 -8.54335430e-04
 5.16617550e-04 2.28511680e-03 -7.50468110e-04
 4.45831950e-04 1.70800450e-03 -6.78964310e-04
 4.02549750e-04 1.40995900e-03 -6.35099020e-04
 3.47318540e-04 1.10698480e-03 -6.05435630e-04
 2.82005060e-04 5.87750750e-04 -5.66544480e-04
 1.79661390e-04 -3.07046690e-04 -4.58509690e-04
 -1.14734310e-06 -1.49819570e-03 -2.49669630e-04
 -2.17908920e-04 -2.45293420e-03 -8.83251050e-06
 -3.61069050e-04 -2.73775430e-03 1.35693260e-04
 -4.26866750e-04 -2.75988570e-03 1.82991930e-04
 -5.35223810e-04 -3.19751720e-03 2.74206570e-04
 -7.61665810e-04 -4.13182050e-03 4.88327820e-04
 -1.04633370e-03 -5.08444010e-03 7.25286490e-04
 -1.26157490e-03 -5.57138400e-03 8.53045670e-04
 -1.36693970e-03 -5.53720910e-03 8.72465490e-04
 -1.42233400e-03 -5.34342460e-03 8.61754580e-04
 -1.50343830e-03 -5.31738480e-03 8.65594130e-04
 -1.60450450e-03 -5.35474390e-03 8.71041150e-04
 -1.68059790e-03 -5.12958130e-03 8.43050310e-04
 -1.70074920e-03 -4.59526250e-03 7.63483690e-04
 -1.66411060e-03 -3.93777670e-03 6.42670030e-04
 -1.58743410e-03 -3.20661090e-03 4.90095700e-04
 -1.51264620e-03 -2.48305520e-03 3.25417150e-04
 -1.49660430e-03 -2.01736830e-03 1.94284320e-04
 -1.52163810e-03 -1.75940200e-03 9.90522090e-05
 -1.49847020e-03 -1.31328260e-03 -3.22385390e-05
 -1.36253250e-03 -4.60527950e-04 -2.64013910e-04
 -1.17390770e-03 4.30194720e-04 -5.42952210e-04
 -1.03208070e-03 7.97742280e-04 -7.45389030e-04
 -9.49186390e-04 5.81435800e-04 -8.15656730e-04
 -8.52560800e-04 3.25720930e-04 -8.26072940e-04
 -6.87528980e-04 4.90025790e-04 -8.74605790e-04
 -4.72092240e-04 9.54907100e-04 -9.67092990e-04
 -2.83088450e-04 1.21443890e-03 -1.01369600e-03
 -1.81960150e-04 1.04189970e-03 -9.49723760e-04
 -1.42091800e-04 7.03141330e-04 -8.16361110e-04
 -1.15011710e-04 4.96415070e-04 -6.94369370e-04
 -8.28183980e-05 4.11463640e-04 -6.09973450e-04
 -6.28040000e-05 3.24243880e-04 -5.56967690e-04
 -6.21439100e-05 2.19198930e-04 -5.37748970e-04
 -7.29824460e-05 4.27982380e-05 -5.38776220e-04
 -9.95528390e-05 -3.89911610e-04 -5.01720060e-04
 -1.31255770e-04 -9.66438560e-04 -4.00185470e-04
 -1.25174640e-04 -1.17883760e-03 -3.08739200e-04
 -4.96228930e-05 -7.67381280e-04 -3.28359600e-04
 4.92952530e-05 -1.00121370e-04 -4.44433220e-04
 1.15925190e-04 3.03533980e-04 -5.39222380e-04
 1.35324430e-04 2.85090380e-04 -5.26979100e-04
 1.38717440e-04 1.22363050e-04 -4.43758820e-04
 1.43437840e-04 1.15521490e-04 -3.83711160e-04
 1.40572080e-04 2.71745350e-04 -3.89377850e-04
 1.25566880e-04 4.18654470e-04 -4.21650940e-04
 1.09596340e-04 4.53981890e-04 -4.15296240e-04
 8.35536050e-05 3.29700970e-04 -3.40058530e-04
 2.07813650e-05 -3.33423300e-05 -2.08906520e-04
 -6.89815350e-05 -5.08465400e-04 -6.97891300e-05
 -1.41821210e-04 -7.42907170e-04 1.69823670e-05
 -1.72668910e-04 -6.21055370e-04 3.55372360e-05
 -1.81012070e-04 -4.47335620e-04 4.34174250e-05
 -1.89533540e-04 -4.82467030e-04 1.07409620e-04
 -1.84798700e-04 -4.97858040e-04 2.00351700e-04
 -1.27448210e-04 -7.70189650e-05 2.35194910e-04
 -1.08759030e-05 8.06560390e-04 1.80245620e-04
 1.25798320e-04 1.78379840e-03 7.70582340e-05
 2.42820130e-04 2.56756670e-03 -3.68077710e-05
 3.09334250e-04 3.02524660e-03 -1.46868680e-04
 3.06287290e-04 3.03464480e-03 -2.32800160e-04
 2.43143820e-04 2.64038560e-03 -2.91575270e-04
 1.73643070e-04 2.16908050e-03 -3.64455890e-04
 1.45923160e-04 1.94928610e-03 -4.86688430e-04
 1.54226960e-04 1.93541590e-03 -6.23130530e-04
 1.56421610e-04 1.80678190e-03 -7.07216500e-04
 1.33371880e-04 1.43765440e-03 -7.17761750e-04
 1.12198830e-04 1.12457920e-03 -6.94672460e-04
 1.23892430e-04 1.12662690e-03 -6.83634830e-04
 1.59859660e-04 1.28960120e-03 -6.81836220e-04
 1.93388990e-04 1.33246130e-03 -6.52185520e-04
 2.14528860e-04 1.20876990e-03 -5.79994110e-04
 2.26497050e-04 1.08694170e-03 -4.95300800e-04
 2.35491690e-04 1.08769160e-03 -4.23497720e-04
 2.54187270e-04 1.27839800e-03 -3.56408680e-04
 3.04629270e-04 1.78804890e-03 -2.86554800e-04
 3.86011960e-04 2.61056380e-03 -2.29851040e-04
 4.68824470e-04 3.45531660e-03 -1.94624810e-04
 5.33561750e-04 4.06985120e-03 -1.61374510e-04
 5.87248360e-04 4.48477920e-03 -1.12319420e-04
 6.47583570e-04 4.93134370e-03 -6.11879800e-05
 7.22641710e-04 5.55697880e-03 -3.06784420e-05
 8.03319100e-04 6.23297460e-03 -1.20809470e-05
 8.79113680e-04 6.75398900e-03 1.20866410e-05
 9.38992950e-04 7.01738890e-03 3.14667490e-05
 9.68791200e-04 6.99510800e-03 2.94765520e-05
 9.69371700e-04 6.78144070e-03 1.48488600e-05
 9.59392580e-04 6.56216360e-03 4.39836590e-06
 9.54983000e-04 6.45732510e-03 -7.59242990e-06
 9.53835670e-04 6.41009440e-03 -4.33648310e-05
 9.38559240e-04 6.24399030e-03 -1.15822740e-04
 8.96081440e-04 5.88103520e-03 -2.05347300e-04
 8.39898190e-04 5.48883950e-03 -2.81204270e-04
 7.87051570e-04 5.24525720e-03 -3.37017530e-04
 7.40381020e-04 5.14866600e-03 -3.88734860e-04
 6.96166880e-04 5.10122670e-03 -4.48653240e-04
 6.47749290e-04 4.99762780e-03 -5.15920920e-04
 5.83450540e-04 4.75749280e-03 -5.85450670e-04
 5.00120630e-04 4.39356310e-03 -6.46989790e-04
 4.07665390e-04 3.99011140e-03 -6.83658350e-04
 3.20012510e-04 3.66201480e-03 -6.87303140e-04
 2.44520660e-04 3.44671030e-03 -6.74998330e-04
 1.73107270e-04 3.23409330e-03 -6.69661790e-04
 9.16727950e-05 2.87121120e-03 -6.73710540e-04
 -8.58487240e-06 2.31249930e-03 -6.69505390e-04
 -1.21319940e-04 1.64869440e-03 -6.39932930e-04
 -2.34495910e-04 9.99815880e-04 -5.84276570e-04
 -3.39749330e-04 4.08332740e-04 -5.16192580e-04
 -4.36964270e-04 -1.44525900e-04 -4.46683520e-04
 -5.30318820e-04 -7.13400250e-04 -3.80789770e-04
 -6.20836280e-04 -1.31787550e-03 -3.17779250e-04
 -7.05500190e-04 -1.92085400e-03 -2.49255970e-04
 -7.78406220e-04 -2.47076530e-03 -1.65115520e-04
 -8.35720220e-04 -2.92714130e-03 -6.67930140e-05
 -8.75723550e-04 -3.27045120e-03 3.36839260e-05
 -8.99422620e-04 -3.50789870e-03 1.26378700e-04
 -9.08560060e-04 -3.66605310e-03 2.09077600e-04
 -9.07971350e-04 -3.77675010e-03 2.87003290e-04
 -8.98323780e-04 -3.83466620e-03 3.63547680e-04
 -8.75594330e-04 -3.79618580e-03 4.37169450e-04
 -8.38006610e-04 -3.65808070e-03 5.04772820e-04
 -7.88313160e-04 -3.45880280e-03 5.64207150e-04
 -7.31809650e-04 -3.23615780e-03 6.15435420e-04
 -6.72292080e-04 -3.01109140e-03 6.59991870e-04
 -6.10485030e-04 -2.79023080e-03 6.98136110e-04
 -5.44085980e-04 -2.54746690e-03 7.28611720e-04
 -4.73128630e-04 -2.27837870e-03 7.51154790e-04
 -3.99085050e-04 -2.00250190e-03 7.64281260e-04
 -3.24153570e-04 -1.73379540e-03 7.66006240e-04
 -2.49884790e-04 -1.47575790e-03 7.56632360e-04
 -1.76977760e-04 -1.22806100e-03 7.37111380e-04
 -1.06621450e-04 -9.93787780e-04 7.08391020e-04
 -4.07879270e-05 -7.80629520e-04 6.72133640e-04
 1.83636240e-05 -5.91724060e-04 6.29981460e-04
 7.08846860e-05 -4.27208110e-04 5.83609450e-04
 1.17716280e-04 -2.95920040e-04 5.34998490e-04
 1.59402510e-04 -2.02382230e-04 4.86091390e-04
 1.96396680e-04 -1.41508540e-04 4.38339340e-04
 2.28281920e-04 -1.02207730e-04 3.92478750e-04
 2.53934410e-04 -7.61399500e-05 3.48970990e-04
 2.72763630e-04 -5.66601560e-05 3.08545540e-04
 2.84754900e-04 -4.63645120e-05 2.72195840e-04
 2.88696640e-04 -4.99229170e-05 2.40897030e-04
 2.85085550e-04 -6.91076780e-05 2.15310820e-04
 2.74901370e-04 -9.93644060e-05 1.95344710e-04
 2.59567750e-04 -1.34212140e-04 1.80580220e-04
 2.39531520e-04 -1.74746720e-04 1.70066560e-04
 2.15208960e-04 -2.26494010e-04 1.62847170e-04
 1.88060350e-04 -2.90575730e-04 1.58693130e-04
 1.60304010e-04 -3.59461320e-04 1.57687830e-04
 1.33605700e-04 -4.26813150e-04 1.59467420e-04
 1.09072400e-04 -4.89990050e-04 1.63512040e-04
 8.76224080e-05 -5.48716630e-04 1.69200180e-04
 6.95392810e-05 -6.01876060e-04 1.75723760e-04
 5.49624060e-05 -6.48726360e-04 1.82308020e-04
 4.39004690e-05 -6.89670090e-04 1.88347210e-04
 3.62224960e-05 -7.24207780e-04 1.92960000e-04
 3.19779360e-05 -7.49001220e-04 1.95236150e-04
 3.12442830e-05 -7.61362610e-04 1.94732000e-04
 3.33742540e-05 -7.63337300e-04 1.91328740e-04
 3.73587680e-05 -7.56546850e-04 1.85096990e-04
 4.22745360e-05 -7.40660880e-04 1.76393660e-04
 4.74415570e-05 -7.15604630e-04 1.65789450e-04
 5.21664190e-05 -6.83245830e-04 1.53865130e-04
 5.61712370e-05 -6.46365460e-04 1.41165440e-04
 5.94864030e-05 -6.07623020e-04 1.28149320e-04
 6.19469940e-05 -5.68507820e-04 1.15084360e-04
 6.32528460e-05 -5.31054800e-04 1.02233170e-04
 6.34550740e-05 -4.96794590e-04 8.98658980e-05
 6.27377160e-05 -4.65742310e-04 7.81820560e-05
 6.13753730e-05 -4.36300700e-04 6.73424660e-05
 5.97710130e-05 -4.06831500e-04 5.75984410e-05
 5.80932970e-05 -3.78529250e-04 4.91767640e-05
 5.62143360e-05 -3.51239050e-04 4.20486180e-05
 5.41604820e-05 -3.24174560e-04 3.61842900e-05
 5.21392690e-05 -2.96472830e-04 3.15325780e-05
 5.02613110e-05 -2.68579000e-04 2.79089640e-05
 4.87517170e-05 -2.40590340e-04 2.51564320e-05
 4.76545360e-05 -2.13462060e-04 2.31909820e-05
 4.67536630e-05 -1.88002600e-04 2.17809870e-05
 4.57057980e-05 -1.64798940e-04 2.06869680e-05
 4.44473040e-05 -1.43796850e-04 1.98502600e-05
 4.30042160e-05 -1.24831730e-04 1.91144460e-05
 4.14876160e-05 -1.06806560e-04 1.83910270e-05
 3.99793530e-05 -8.97772620e-05 1.76923420e-05
 3.84053350e-05 -7.43040950e-05 1.69318050e-05
 3.65632770e-05 -6.05180470e-05 1.59638330e-05
 3.44409270e-05 -4.86297140e-05 1.48686340e-05
 3.19727590e-05 -3.91334030e-05 1.36629640e-05
 2.91779250e-05 -3.25187170e-05 1.24142660e-05
 2.61883310e-05 -2.86190350e-05 1.12135720e-05
 2.30649640e-05 -2.68438430e-05 1.00484960e-05
 1.98779600e-05 -2.59293140e-05 8.89949660e-06
 1.67847470e-05 -2.49480290e-05 7.73945890e-06
 1.39424760e-05 -2.33908380e-05 6.58145650e-06
 1.14883770e-05 -2.13772400e-05 5.46172350e-06
 9.49702100e-06 -1.92594830e-05 4.42670940e-06
 7.79977290e-06 -1.73771440e-05 3.49203920e-06
 6.35644940e-06 -1.56332810e-05 2.67892510e-06
 5.12381760e-06 -1.38075010e-05 1.97803550e-06
 4.04536790e-06 -1.18541710e-05 1.38902520e-06
 3.09456050e-06 -9.89096500e-06 9.37162440e-07
 2.29162770e-06 -8.01012270e-06 5.81516640e-07
 1.61571260e-06 -6.20651460e-06 3.09616500e-07
 1.07361360e-06 -4.54498740e-06 1.11296170e-07
 6.76989490e-07 -3.10775430e-06 -2.36297060e-08
 4.26133250e-07 -1.88646790e-06 -1.08841600e-07
 2.66899260e-07 -9.51473510e-07 -1.60222730e-07
 1.99458670e-07 -2.71229200e-07 -1.80764400e-07
 1.84425600e-07 1.64340180e-07 -1.77791780e-07
 1.73480900e-07 3.75875710e-07 -1.60579080e-07
