 2.35429510e-07 4.03359540e-07 -1.89635360e-07
 2.58390320e-07 5.16873510e-07 -2.11850250e-07
 2.85886500e-07 6.21090240e-07 -2.31500580e-07
 3.19021690e-07 7.09261090e-07 -2.50152080e-07
 3.56917700e-07 7.77239900e-07 -2.69727540e-07
 3.96571440e-07 8.21139740e-07 -2.92154450e-07
 4.34297790e-07 8.41831080e-07 -3.20426010e-07
 4.70578440e-07 8.40047850e-07 -3.56250100e-07
 5.06546660e-07 8.19986380e-07 -3.99562880e-07
 5.41593980e-07 7.87674250e-07 -4.48600900e-07
 5.75136260e-07 7.45997910e-07 -5.01362590e-07
 6.09848030e-07 6.94293480e-07 -5.56923620e-07
 6.45779040e-07 6.38489440e-07 -6.11197040e-07
 6.79366110e-07 5.84582840e-07 -6.59619450e-07
 7.06514920e-07 5.29636280e-07 -6.99428430e-07
 7.25641940e-07 4.74440330e-07 -7.29843350e-07
 7.37243110e-07 4.25497150e-07 -7.51907520e-07
 7.47418140e-07 3.76172350e-07 -7.65759810e-07
 7.64416880e-07 3.14385940e-07 -7.73240060e-07
 7.94459250e-07 2.42278930e-07 -7.78174070e-07
 8.41489110e-07 1.52972420e-07 -7.83640250e-07
 9.02479880e-07 3.36111690e-08 -7.90425190e-07
 9.72788710e-07 -1.09339550e-07 -8.00622390e-07
 1.04520700e-06 -2.54104720e-07 -8.13532040e-07
 1.11238240e-06 -3.83960780e-07 -8.25414250e-07
 1.16793410e-06 -4.81671460e-07 -8.32544570e-07
 1.20857070e-06 -5.27589410e-07 -8.28352820e-07
 1.23422920e-06 -5.13009410e-07 -8.09644690e-07
 1.24889780e-06 -4.33332080e-07 -7.73700040e-07
 1.25741090e-06 -2.78549350e-07 -7.17320920e-07
 1.26201770e-06 -4.68916670e-08 -6.37176470e-07
 1.26472100e-06 2.50868510e-07 -5.30568570e-07
 1.26089300e-06 6.04143110e-07 -3.98224870e-07
 1.24516850e-06 9.97605300e-07 -2.45208750e-07
 1.21329910e-06 1.40898900e-06 -7.88183170e-08
 1.16190800e-06 1.82181380e-06 9.36151000e-08
 1.08698750e-06 2.22300150e-06 2.62580330e-07
 9.86621330e-07 2.59682020e-06 4.20005620e-07
 8.58161060e-07 2.92727990e-06 5.58627450e-07
 6.96952330e-07 3.21020590e-06 6.73834560e-07
 4.91766460e-07 3.45639000e-06 7.68273080e-07
 2.24198220e-07 3.67484430e-06 8.49267510e-07
 -1.22824010e-07 3.85963900e-06 9.26924030e-07
 -5.57781330e-07 4.01304760e-06 1.01222740e-06
 -1.07081930e-06 4.15028940e-06 1.11509190e-06
 -1.63156900e-06 4.27139960e-06 1.24028090e-06
 -2.19669120e-06 4.36221170e-06 1.38567070e-06
 -2.71980000e-06 4.42444840e-06 1.54214710e-06
 -3.15944640e-06 4.45547130e-06 1.69742710e-06
 -3.48940690e-06 4.43510680e-06 1.83886440e-06
 -3.70156500e-06 4.34938420e-06 1.95509160e-06
 -3.79695280e-06 4.19590200e-06 2.03419380e-06
 -3.78692610e-06 3.97921210e-06 2.06574800e-06
 -3.69264080e-06 3.72247880e-06 2.04605930e-06
 -3.53462630e-06 3.44738650e-06 1.97788220e-06
 -3.32414170e-06 3.17081120e-06 1.86735890e-06
 -3.06994430e-06 2.93932860e-06 1.72735300e-06
 -2.78423070e-06 2.79097430e-06 1.57730860e-06
 -2.47866550e-06 2.71029240e-06 1.43226370e-06
 -2.16368990e-06 2.67150740e-06 1.30113470e-06
 -1.85208250e-06 2.67084580e-06 1.18880870e-06
 -1.55649820e-06 2.67783320e-06 1.09541520e-06
 -1.28453810e-06 2.64769640e-06 1.01697800e-06
 -1.04384030e-06 2.58517960e-06 9.47399310e-07
 -8.40711380e-07 2.51027090e-06 8.80712150e-07
 -6.77003750e-07 2.40826440e-06 8.11131430e-07
 -5.52309590e-07 2.26616230e-06 7.33507700e-07
 -4.66294580e-07 2.10482450e-06 6.41457460e-07
 -4.15843430e-07 1.93986330e-06 5.30617680e-07
 -3.95679680e-07 1.76790930e-06 4.00321260e-07
 -4.01666370e-07 1.58874480e-06 2.51981990e-07
 -4.31346340e-07 1.40813980e-06 8.69898930e-08
 -4.84294050e-07 1.24124180e-06 -9.23400240e-08
 -5.59286550e-07 1.12138310e-06 -2.80366320e-07
 -6.51460030e-07 1.07520520e-06 -4.65408500e-07
 -7.49622130e-07 1.08602170e-06 -6.32262580e-07
 -8.40507940e-07 1.14901250e-06 -7.71788510e-07
 -9.08080380e-07 1.28304270e-06 -8.80284920e-07
 -9.30290130e-07 1.45684940e-06 -9.47393350e-07
 -8.85636100e-07 1.63024500e-06 -9.65359050e-07
 -7.51115520e-07 1.82874430e-06 -9.29602490e-07
 -4.79203890e-07 2.09268250e-06 -8.11003530e-07
 3.39880270e-08 2.37165980e-06 -5.25942880e-07
 9.73891020e-07 2.58655860e-06 8.35849080e-08
 2.66423790e-06 2.70906840e-06 1.30478280e-06
 5.69440500e-06 2.73069280e-06 3.66168360e-06
 1.11504490e-05 2.63289670e-06 8.08802270e-06
 2.10046160e-05 2.36624240e-06 1.62465620e-05
 3.87234610e-05 1.87017460e-06 3.10428950e-05
 7.01639730e-05 8.95553630e-07 5.73423970e-05
 1.24542440e-04 -1.20851080e-06 1.02719310e-04
 2.14778250e-04 -5.64647230e-06 1.77641680e-04
 3.56083500e-04 -1.46438720e-05 2.94069760e-04
 5.62350790e-04 -3.18313720e-05 4.62102590e-04
 8.40184630e-04 -6.23885430e-05 6.84541590e-04
 1.18079730e-03 -1.12977910e-04 9.49592800e-04
 1.55290300e-03 -1.90803140e-04 1.22485500e-03
 1.90852860e-03 -3.00929150e-04 1.46338970e-03
 2.20506340e-03 -4.43327970e-04 1.62447830e-03
 2.42126220e-03 -6.12691220e-04 1.68894080e-03
 2.56048470e-03 -8.00851620e-04 1.66299930e-03
 2.64325410e-03 -9.99808660e-04 1.57126830e-03
 2.70141470e-03 -1.20338300e-03 1.44753090e-03
 2.76313300e-03 -1.40880580e-03 1.31880290e-03
 2.84551460e-03 -1.61600600e-03 1.19989160e-03
 2.96209470e-03 -1.82561720e-03 1.10445460e-03
 3.12463920e-03 -2.03937760e-03 1.05000370e-03
 3.31654350e-03 -2.26306710e-03 1.03307500e-03
 3.50935340e-03 -2.50209050e-03 1.04157710e-03
 3.69512200e-03 -2.75644940e-03 1.07737400e-03
 3.88152800e-03 -3.02337370e-03 1.14133900e-03
 4.06155690e-03 -3.30264820e-03 1.21434420e-03
 4.22101700e-03 -3.59491540e-03 1.27131860e-03
 4.34308730e-03 -3.90052840e-03 1.28786940e-03
 4.41009180e-03 -4.21777650e-03 1.24357270e-03
 4.42843740e-03 -4.53994330e-03 1.13976090e-03
 4.42470520e-03 -4.85952010e-03 1.00028080e-03
 4.41532770e-03 -5.17389460e-03 8.49939650e-04
 4.37920870e-03 -5.48625320e-03 6.83160850e-04
 4.27699930e-03 -5.79888930e-03 4.65919760e-04
 4.12933300e-03 -6.10340480e-03 2.10237700e-04
 3.99797040e-03 -6.38953640e-03 -2.93042960e-05
 3.89549900e-03 -6.65898570e-03 -2.33422570e-04
 3.78282690e-03 -6.92000290e-03 -4.14881540e-04
 3.64581750e-03 -7.17298220e-03 -5.74882720e-04
 3.51923120e-03 -7.41055470e-03 -7.01729790e-04
 3.41634520e-03 -7.63193240e-03 -8.06213180e-04
 3.28716940e-03 -7.84587020e-03 -9.26002160e-04
 3.08589330e-03 -8.05480500e-03 -1.07575720e-03
 2.83387890e-03 -8.24755990e-03 -1.22970260e-03
 2.58930380e-03 -8.41175300e-03 -1.36084120e-03
 2.37743790e-03 -8.54752490e-03 -1.46211240e-03
 2.19428800e-03 -8.66177770e-03 -1.52828360e-03
 2.06285460e-03 -8.75514750e-03 -1.53328860e-03
 2.03077610e-03 -8.82530960e-03 -1.44488420e-03
 2.11306410e-03 -8.87779520e-03 -1.27129940e-03
 2.28649940e-03 -8.92286470e-03 -1.04876690e-03
 2.51508480e-03 -8.96747500e-03 -8.12417710e-04
 2.77184420e-03 -9.01276060e-03 -5.95238230e-04
 3.03662200e-03 -9.05711110e-03 -4.22708340e-04
 3.30071730e-03 -9.09741040e-03 -2.89859600e-04
 3.55770740e-03 -9.13175380e-03 -1.68203190e-04
 3.79890950e-03 -9.16013770e-03 -3.53216240e-05
 4.02021830e-03 -9.18332950e-03 1.15533680e-04
 4.21378200e-03 -9.20364170e-03 2.83670730e-04
 4.36536550e-03 -9.22394920e-03 4.68538060e-04
 4.45534290e-03 -9.24594140e-03 6.61964180e-04
 4.45703510e-03 -9.26904470e-03 8.37146300e-04
 4.33862440e-03 -9.28824490e-03 9.63007330e-04
 4.09295180e-03 -9.28883440e-03 1.03667080e-03
 3.73730020e-03 -9.24717260e-03 1.08187310e-03
 3.29001850e-03 -9.13291700e-03 1.12882380e-03
 2.74487310e-03 -8.90455580e-03 1.19125840e-03
 2.08604240e-03 -8.49500860e-03 1.25907440e-03
 1.30506640e-03 -7.79394430e-03 1.31070300e-03
 3.90396600e-04 -6.62303020e-03 1.32024150e-03
 -6.86962680e-04 -4.72020540e-03 1.25637460e-03
 -1.97797760e-03 -1.71510640e-03 1.08331980e-03
 -3.56112610e-03 2.88596120e-03 7.37134480e-04
 -5.49885490e-03 9.54771510e-03 1.39312160e-04
 -7.79261350e-03 1.85655410e-02 -7.67341870e-04
 -1.04073380e-02 3.00328790e-02 -2.01805150e-03
 -1.32397020e-02 4.34642550e-02 -3.57757160e-03
 -1.60963000e-02 5.75947840e-02 -5.28676020e-03
 -1.87693150e-02 7.11431730e-02 -6.94358400e-03
 -2.11177340e-02 8.33749400e-02 -8.41684830e-03
 -2.30133420e-02 9.35722440e-02 -9.59884750e-03
 -2.43203730e-02 1.00856400e-01 -1.03550760e-02
 -2.49684270e-02 1.04784900e-01 -1.06170870e-02
 -2.49023740e-02 1.04985700e-01 -1.03477840e-02
 -2.40703260e-02 1.01010100e-01 -9.49460730e-03
 -2.25056300e-02 9.31317140e-02 -8.07766150e-03
 -2.02394720e-02 8.18941890e-02 -6.11617650e-03
 -1.73171440e-02 6.78458440e-02 -3.62299690e-03
 -1.40156790e-02 5.24997710e-02 -8.35862300e-04
 -1.07656860e-02 3.79385390e-02 1.85795650e-03
 -7.92881290e-03 2.56643150e-02 4.14721710e-03
 -5.74325400e-03 1.64662930e-02 5.75920240e-03
 -4.28604330e-03 1.04468840e-02 6.51285800e-03
 -3.50258850e-03 7.21480650e-03 6.42416720e-03
 -3.27121630e-03 6.22050460e-03 5.58240670e-03
 -3.39819280e-03 6.73164150e-03 4.09445630e-03
 -3.73694460e-03 8.29429090e-03 2.13282090e-03
 -4.21242970e-03 1.06965310e-02 -1.42378280e-04
 -4.65683550e-03 1.32526970e-02 -2.58532050e-03
 -4.83597120e-03 1.50499490e-02 -4.99767860e-03
 -4.62198720e-03 1.56105710e-02 -7.20396220e-03
 -3.95211860e-03 1.45056540e-02 -9.11248290e-03
 -2.79543390e-03 1.13431080e-02 -1.06572150e-02
 -1.14466400e-03 5.93002370e-03 -1.17704370e-02
 1.01246530e-03 -1.90708870e-03 -1.24044690e-02
 3.66022880e-03 -1.22155440e-02 -1.25361790e-02
 6.64088360e-03 -2.43605170e-02 -1.21525400e-02
 9.73097890e-03 -3.72117270e-02 -1.12557800e-02
 1.27007760e-02 -4.93536480e-02 -9.87746750e-03
 1.53360800e-02 -5.94506380e-02 -8.09371940e-03
 1.74496270e-02 -6.66276740e-02 -6.05486850e-03
 1.89323280e-02 -7.06931280e-02 -3.96628490e-03
 1.97663960e-02 -7.17517960e-02 -1.97472140e-03
 2.00489440e-02 -7.02886210e-02 -1.30458820e-04
 1.99468450e-02 -6.72633650e-02 1.54767300e-03
 1.95923970e-02 -6.36634750e-02 3.07122800e-03
 1.90344530e-02 -5.99882860e-02 4.48085000e-03
 1.82832480e-02 -5.63038620e-02 5.78856380e-03
 1.73651240e-02 -5.26502360e-02 6.99053610e-03
 1.62948300e-02 -4.90969380e-02 8.12310350e-03
 1.50473660e-02 -4.54888490e-02 9.21148340e-03
 1.35890230e-02 -4.15290520e-02 1.02352360e-02
 1.19549350e-02 -3.72148940e-02 1.11505330e-02
 1.02206940e-02 -3.28151550e-02 1.18802850e-02
 8.44667110e-03 -2.85675860e-02 1.23456310e-02
 6.65334840e-03 -2.45178080e-02 1.25215530e-02
 4.86263310e-03 -2.06472990e-02 1.24299720e-02
 3.14000710e-03 -1.69990340e-02 1.21067240e-02
 1.57507510e-03 -1.36876050e-02 1.15809110e-02
 2.01922010e-04 -1.06465770e-02 1.08674570e-02
 -9.90239900e-04 -7.77713350e-03 9.99868940e-03
 -1.99811580e-03 -5.19207540e-03 9.02847760e-03
 -2.81558160e-03 -3.04437030e-03 8.00344630e-03
 -3.44841900e-03 -1.33097160e-03 6.96615460e-03
 -3.91308960e-03 2.51477030e-05 5.96167050e-03
 -4.23841740e-03 1.14672890e-03 5.02596280e-03
 -4.45623460e-03 2.15104590e-03 4.17949350e-03
 -4.58311380e-03 3.06061590e-03 3.42482420e-03
 -4.63603160e-03 3.92936450e-03 2.74871220e-03
 -4.63597150e-03 4.81283010e-03 2.14931440e-03
 -4.59888440e-03 5.68837390e-03 1.63909410e-03
 -4.53185660e-03 6.51912620e-03 1.21922810e-03
 -4.44567670e-03 7.32664950e-03 8.86011050e-04
 -4.35315310e-03 8.14101190e-03 6.46589730e-04
 -4.26931120e-03 8.96051250e-03 4.99682500e-04
 -4.20391330e-03 9.69278630e-03 4.32505240e-04
 -4.15836370e-03 1.02358510e-02 4.31800350e-04
 -4.13722590e-03 1.06292530e-02 4.72950690e-04
 -4.14051210e-03 1.09020550e-02 5.29483660e-04
 -4.15142390e-03 1.09904830e-02 5.84547930e-04
 -4.14900250e-03 1.08982320e-02 6.12640930e-04
 -4.10725550e-03 1.06342770e-02 5.83553450e-04
 -3.99705810e-03 1.01175100e-02 4.84986380e-04
 -3.81363560e-03 9.31080060e-03 3.15043000e-04
 -3.57744840e-03 8.24284180e-03 7.79728940e-05
 -3.30751880e-03 6.95595240e-03 -2.08941260e-04
 -3.01845510e-03 5.54230110e-03 -5.26405460e-04
 -2.71815670e-03 4.07037740e-03 -8.58605900e-04
 -2.40929330e-03 2.55983560e-03 -1.18746600e-03
 -2.09512210e-03 1.06137820e-03 -1.49899310e-03
 -1.77578140e-03 -3.60434120e-04 -1.78368810e-03
 -1.45120420e-03 -1.65575180e-03 -2.03310440e-03
 -1.12301340e-03 -2.80096220e-03 -2.24333580e-03
 -7.88654380e-04 -3.80106780e-03 -2.41166140e-03
 -4.49603770e-04 -4.63654990e-03 -2.53307590e-03
 -1.20269290e-04 -5.25181830e-03 -2.60367760e-03
 1.82101820e-04 -5.60541310e-03 -2.62111450e-03
 4.44510690e-04 -5.67657500e-03 -2.58698570e-03
 6.65856990e-04 -5.50634510e-03 -2.50819440e-03
 8.50234470e-04 -5.18698380e-03 -2.39178980e-03
 9.89958060e-04 -4.76016290e-03 -2.24270020e-03
 1.07540040e-03 -4.22877030e-03 -2.06735780e-03
 1.10701810e-03 -3.62947930e-03 -1.87318830e-03
 1.08909820e-03 -3.00777140e-03 -1.66854700e-03
 1.02704470e-03 -2.38833760e-03 -1.46323700e-03
 9.25661180e-04 -1.76595310e-03 -1.26574240e-03
 7.90575400e-04 -1.12603150e-03 -1.08325360e-03
 6.33113200e-04 -4.78510630e-04 -9.20909520e-04
 4.66267170e-04 1.52973660e-04 -7.82054850e-04
 2.99228040e-04 7.45076220e-04 -6.68504740e-04
 1.37927810e-04 1.28248790e-03 -5.81002440e-04
 -1.57121030e-05 1.76816450e-03 -5.20565780e-04
 -1.56738560e-04 2.20039000e-03 -4.86293080e-04
 -2.80150650e-04 2.56869080e-03 -4.74954750e-04
 -3.82522590e-04 2.86863630e-03 -4.84073800e-04
 -4.58711790e-04 3.07988980e-03 -5.10431360e-04
 -5.07062180e-04 3.19881360e-03 -5.49068790e-04
 -5.32910580e-04 3.25012370e-03 -5.95430320e-04
 -5.40554930e-04 3.24697770e-03 -6.43784760e-04
 -5.31188560e-04 3.19359640e-03 -6.88189230e-04
 -5.05562700e-04 3.10248490e-03 -7.25459830e-04
 -4.65153770e-04 2.97603800e-03 -7.53339320e-04
 -4.12143740e-04 2.81558280e-03 -7.69036650e-04
 -3.51290510e-04 2.63558350e-03 -7.71107850e-04
 -2.87016770e-04 2.44903590e-03 -7.59412650e-04
 -2.23500830e-04 2.26749850e-03 -7.34333010e-04
 -1.65235570e-04 2.10412100e-03 -6.97343840e-04
 -1.14968120e-04 1.96113950e-03 -6.50545120e-04
 -7.42838020e-05 1.84237290e-03 -5.96126020e-04
 -4.28226270e-05 1.74324260e-03 -5.37376910e-04
 -1.91572730e-05 1.65112700e-03 -4.78239730e-04
 -2.17705840e-06 1.55934020e-03 -4.22566930e-04
 9.40916380e-06 1.46723290e-03 -3.72285720e-04
 1.72077560e-05 1.37295740e-03 -3.29172180e-04
 2.26351880e-05 1.27698160e-03 -2.94149420e-04
 2.71132140e-05 1.17889880e-03 -2.66831660e-04
 3.19034810e-05 1.08052420e-03 -2.46913810e-04
 3.74879710e-05 9.86012160e-04 -2.33863410e-04
 4.43882020e-05 8.93513900e-04 -2.25634450e-04
 5.23837810e-05 8.04339010e-04 -2.20190690e-04
 6.10917340e-05 7.20269750e-04 -2.16439410e-04
 7.05203060e-05 6.37254390e-04 -2.11536330e-04
 7.89702320e-05 5.60101010e-04 -2.04639290e-04
 8.51018190e-05 4.93308650e-04 -1.96412960e-04
 8.86585190e-05 4.36001280e-04 -1.86994320e-04
 8.96807470e-05 3.88922400e-04 -1.76752990e-04
 8.88474240e-05 3.52951440e-04 -1.66574160e-04
 8.71007940e-05 3.24380610e-04 -1.56521220e-04
 8.49379870e-05 3.01596040e-04 -1.46948720e-04
 8.27142280e-05 2.84366600e-04 -1.37902480e-04
 8.07350660e-05 2.71090980e-04 -1.29225070e-04
 7.90384580e-05 2.59583320e-04 -1.21039660e-04
 7.76787200e-05 2.49063450e-04 -1.13064990e-04
 7.66623930e-05 2.39526680e-04 -1.04994360e-04
 7.58945610e-05 2.30795700e-04 -9.69623580e-05
 7.51047850e-05 2.24275630e-04 -8.89514630e-05
 7.45042420e-05 2.19364110e-04 -8.10705460e-05
 7.41427500e-05 2.15595080e-04 -7.35280770e-05
 7.35144790e-05 2.13654120e-04 -6.63733590e-05
 7.23287230e-05 2.12217360e-04 -5.96995810e-05
 7.05633650e-05 2.09242160e-04 -5.35457690e-05
 6.79610750e-05 2.04430470e-04 -4.78679030e-05
 6.41964140e-05 1.97845210e-04 -4.26722290e-05
 5.93847540e-05 1.88676710e-04 -3.79695480e-05
 5.38276870e-05 1.76912070e-04 -3.37012640e-05
 4.79780430e-05 1.63396330e-04 -2.99467650e-05
 4.22987800e-05 1.49001730e-04 -2.66900130e-05
 3.73356780e-05 1.33888460e-04 -2.39293880e-05
 3.34376420e-05 1.18311930e-04 -2.16538120e-05
 3.06096740e-05 1.03726770e-04 -1.98211460e-05
 2.86107570e-05 9.14229170e-05 -1.83358170e-05
 2.71756090e-05 8.16650570e-05 -1.70496420e-05
 2.61350180e-05 7.42684720e-05 -1.58565400e-05
 2.52077010e-05 6.91262540e-05 -1.46408090e-05
 2.41024040e-05 6.57668280e-05 -1.33574240e-05
 2.27947570e-05 6.29734200e-05 -1.20386440e-05
 2.12713530e-05 5.97773030e-05 -1.06689850e-05
 1.95133180e-05 5.56225460e-05 -9.28432290e-06
 1.75007860e-05 5.06223480e-05 -7.89667590e-06
 1.53392780e-05 4.48370880e-05 -6.55265190e-06
 1.32737780e-05 3.81301830e-05 -5.35023170e-06
 1.13426270e-05 3.13632520e-05 -4.26093400e-06
 9.54699410e-06 2.52583380e-05 -3.32315150e-06
 7.88358830e-06 2.02917360e-05 -2.55519030e-06
 6.33318360e-06 1.65220590e-05 -1.92952580e-06
 4.88726350e-06 1.38792950e-05 -1.40240950e-06
 3.66290150e-06 1.21719360e-05 -1.03861540e-06
 2.65213820e-06 1.12374620e-05 -7.77405430e-07
 1.85590720e-06 1.06900500e-05 -6.08240210e-07
 1.26827060e-06 1.02287460e-05 -5.24470580e-07
 8.75903030e-07 9.62486870e-06 -4.77891830e-07
 5.64217660e-07 8.76457670e-06 -4.45923890e-07
 3.44226040e-07 7.61348200e-06 -4.27119150e-07
 1.83743910e-07 6.24555560e-06 -4.01233220e-07
 5.83153150e-08 4.83058600e-06 -3.52700430e-07
