 2.24031600e-07 -2.15967660e-07 -2.40137980e-07
 2.07218080e-07 -2.72764680e-07 -3.04084950e-07
 1.51581030e-07 -3.25796090e-07 -3.79843040e-07
 4.64990140e-08 -3.70014870e-07 -4.66849370e-07
 -1.14034850e-07 -4.01379620e-07 -5.64905350e-07
 -3.30063900e-07 -4.14897640e-07 -6.75022360e-07
 -6.00970790e-07 -4.02871930e-07 -7.99934580e-07
 -9.14634480e-07 -3.62105740e-07 -9.41955700e-07
 -1.24962050e-06 -2.98702330e-07 -1.10112090e-06
 -1.58108990e-06 -2.24458790e-07 -1.27293290e-06
 -1.88396220e-06 -1.51335840e-07 -1.44627970e-06
 -2.13187850e-06 -9.27645520e-08 -1.60401490e-06
 -2.29670700e-06 -6.52684660e-08 -1.73653280e-06
 -2.35506290e-06 -8.82190110e-08 -1.84778910e-06
 -2.30251660e-06 -1.75412750e-07 -1.95426810e-06
 -2.15813590e-06 -3.28613910e-07 -2.07462930e-06
 -1.94665360e-06 -5.43294220e-07 -2.21870320e-06
 -1.70204990e-06 -8.05594080e-07 -2.38766390e-06
 -1.46185470e-06 -1.09484370e-06 -2.57734060e-06
 -1.26165960e-06 -1.38437210e-06 -2.77416690e-06
 -1.12714780e-06 -1.64472980e-06 -2.95456990e-06
 -1.07354730e-06 -1.84949040e-06 -3.09910550e-06
 -1.09603870e-06 -1.98337510e-06 -3.19214040e-06
 -1.17986270e-06 -2.04290380e-06 -3.22455230e-06
 -1.30668740e-06 -2.03443600e-06 -3.18842920e-06
 -1.45576970e-06 -1.97309300e-06 -3.07183130e-06
 -1.59927150e-06 -1.88154850e-06 -2.85513900e-06
 -1.70945290e-06 -1.79639180e-06 -2.51961960e-06
 -1.75958680e-06 -1.76141490e-06 -2.05219200e-06
 -1.72753040e-06 -1.81545330e-06 -1.44798610e-06
 -1.59562110e-06 -1.98241060e-06 -7.14934230e-07
 -1.34840070e-06 -2.26774250e-06 1.16239600e-07
 -9.79843090e-07 -2.66593340e-06 9.88207260e-07
 -4.86793170e-07 -3.16708970e-06 1.82914530e-06
 1.46936050e-07 -3.76225220e-06 2.56115850e-06
 9.65480470e-07 -4.44736320e-06 3.08563400e-06
 2.05543940e-06 -5.23633930e-06 3.25652900e-06
 3.59459660e-06 -6.18745430e-06 2.83569970e-06
 5.93475350e-06 -7.44804670e-06 1.40707280e-06
 9.75434340e-06 -9.32006610e-06 -1.79606320e-06
 1.63404800e-05 -1.23933720e-05 -8.19155500e-06
 2.81391390e-05 -1.78088340e-05 -2.04054190e-05
 4.97578290e-05 -2.77286180e-05 -4.33233940e-05
 8.98066140e-05 -4.61841880e-05 -8.60136420e-05
 1.64146830e-04 -8.05640450e-05 -1.65117240e-04
 3.00926530e-04 -1.43845000e-04 -3.10058010e-04
 5.46055260e-04 -2.56685770e-04 -5.68378660e-04
 9.62085320e-04 -4.45720740e-04 -1.00317180e-03
 1.61130880e-03 -7.33796800e-04 -1.67236400e-03
 2.52766980e-03 -1.12575910e-03 -2.59552170e-03
 3.69689680e-03 -1.60046240e-03 -3.73083260e-03
 5.05343870e-03 -2.11240490e-03 -4.97343720e-03
 6.48154130e-03 -2.59467240e-03 -6.16288560e-03
 7.84038380e-03 -2.97375860e-03 -7.12111920e-03
 9.03769490e-03 -3.20844630e-03 -7.74211110e-03
 1.00759300e-02 -3.31102100e-03 -8.04305730e-03
 1.10138270e-02 -3.32255730e-03 -8.11561480e-03
 1.19063490e-02 -3.27782910e-03 -8.05007010e-03
 1.27598970e-02 -3.18041330e-03 -7.87201150e-03
 1.35404510e-02 -3.01523270e-03 -7.55439090e-03
 1.42221020e-02 -2.77948150e-03 -7.08966660e-03
 1.48018470e-02 -2.48128690e-03 -6.51768220e-03
 1.52976200e-02 -2.13289770e-03 -5.93255230e-03
 1.57079790e-02 -1.73719130e-03 -5.41575390e-03
 1.59886440e-02 -1.28030610e-03 -4.96157820e-03
 1.61079240e-02 -7.54861280e-04 -4.53072270e-03
 1.60902920e-02 -1.77589140e-04 -4.11603040e-03
 1.59237650e-02 4.53014540e-04 -3.67763890e-03
 1.55573700e-02 1.15389530e-03 -3.17290730e-03
 1.49982030e-02 1.91185970e-03 -2.63727810e-03
 1.43299490e-02 2.67893400e-03 -2.15051160e-03
 1.36352270e-02 3.40943620e-03 -1.76140530e-03
 1.29759050e-02 4.06820930e-03 -1.50008720e-03
 1.24079280e-02 4.62924740e-03 -1.41266450e-03
 1.19380110e-02 5.09573050e-03 -1.51018570e-03
 1.15160710e-02 5.49388860e-03 -1.73666250e-03
 1.11187580e-02 5.82806350e-03 -2.05785760e-03
 1.07738220e-02 6.06466040e-03 -2.47950570e-03
 1.05433560e-02 6.12919170e-03 -2.99381440e-03
 1.05766740e-02 5.87071290e-03 -3.62760270e-03
 1.11174990e-02 5.04494830e-03 -4.46177230e-03
 1.23361810e-02 3.37372740e-03 -5.48248040e-03
 1.42047500e-02 5.93885370e-04 -6.50786000e-03
 1.64904330e-02 -3.50950220e-03 -7.23793120e-03
 1.87018120e-02 -8.98267610e-03 -7.26212610e-03
 2.00037250e-02 -1.54975640e-02 -6.06650070e-03
 1.93168450e-02 -2.22650040e-02 -3.16162730e-03
 1.57924310e-02 -2.81843750e-02 1.58857900e-03
 9.40018710e-03 -3.21152510e-02 7.66371660e-03
 1.27684760e-03 -3.32403630e-02 1.38280480e-02
 -6.87827360e-03 -3.14393860e-02 1.87267620e-02
 -1.37281420e-02 -2.73848600e-02 2.16086660e-02
 -1.87247670e-02 -2.21475940e-02 2.25016740e-02
 -2.17134620e-02 -1.68117680e-02 2.17353660e-02
 -2.27554700e-02 -1.22468590e-02 1.97389480e-02
 -2.22618650e-02 -8.90410880e-03 1.70992540e-02
 -2.07994840e-02 -6.63000070e-03 1.42731870e-02
 -1.87504290e-02 -5.16565980e-03 1.14173390e-02
 -1.63847360e-02 -4.22908690e-03 8.56175090e-03
 -1.40569360e-02 -3.55947580e-03 5.81129080e-03
 -1.21598110e-02 -3.02371780e-03 3.38353080e-03
 -1.08329370e-02 -2.58617290e-03 1.46387490e-03
 -9.98739430e-03 -2.39774700e-03 1.92772960e-04
 -9.33527200e-03 -2.43578460e-03 -4.65279010e-04
 -8.61247630e-03 -2.35191060e-03 -7.26871190e-04
 -7.81082220e-03 -1.83518110e-03 -7.71322350e-04
 -7.09479530e-03 -1.19256800e-03 -5.43409840e-04
 -6.49364390e-03 -8.93153370e-04 9.88598230e-07
 -5.73689020e-03 -9.82692120e-04 6.41888820e-04
 -4.66654960e-03 -1.07571250e-03 1.14722980e-03
 -3.44168300e-03 -7.34490340e-04 1.42669500e-03
 -2.28706980e-03 7.81207850e-05 1.43198930e-03
 -1.24878370e-03 9.42008510e-04 1.15859400e-03
 -2.96242100e-04 1.63071590e-03 6.79148590e-04
 6.14235760e-04 2.37439900e-03 6.95127750e-05
 1.49159600e-03 3.23181180e-03 -5.47441250e-04
 2.27454190e-03 3.92373280e-03 -9.88587850e-04
 2.94972820e-03 4.33540160e-03 -1.16235200e-03
 3.55885340e-03 4.58539840e-03 -1.13434810e-03
 4.14789650e-03 4.69891080e-03 -1.03400090e-03
 4.65030040e-03 4.67421210e-03 -8.71096560e-04
 4.96908840e-03 4.60786700e-03 -5.90598500e-04
 5.07422350e-03 4.52312920e-03 -2.79768540e-04
 4.98088120e-03 4.30332920e-03 -8.76285270e-05
 4.68333340e-03 3.84451190e-03 -4.94894180e-06
 4.25940100e-03 3.24751440e-03 4.45394620e-05
 3.86777430e-03 2.86864400e-03 3.55760350e-05
 3.57579930e-03 2.92162460e-03 -1.33024160e-04
 3.31514310e-03 3.05848620e-03 -4.55620520e-04
 3.00990980e-03 2.78494900e-03 -7.87334750e-04
 2.69312760e-03 2.15046110e-03 -1.03256610e-03
 2.48686900e-03 1.58929360e-03 -1.22393600e-03
 2.44639050e-03 1.27946540e-03 -1.39206600e-03
 2.45270530e-03 1.05950530e-03 -1.50747930e-03
 2.34218990e-03 7.33187010e-04 -1.54626230e-03
 2.05291340e-03 1.71384830e-04 -1.47507420e-03
 1.65064530e-03 -6.81343430e-04 -1.25273850e-03
 1.23306400e-03 -1.61294070e-03 -8.74592810e-04
 8.47284510e-04 -2.18512910e-03 -4.40141480e-04
 4.82542290e-04 -2.27460870e-03 -7.84573130e-05
 8.76065100e-05 -2.32495300e-03 1.89578480e-04
 -4.10999430e-04 -2.76189970e-03 5.43706240e-04
 -1.04239440e-03 -3.45176060e-03 1.08131160e-03
 -1.70465440e-03 -3.88764870e-03 1.62721440e-03
 -2.20977890e-03 -3.80009230e-03 1.94154760e-03
 -2.53614710e-03 -3.43474770e-03 2.03716010e-03
 -2.84922150e-03 -3.23464580e-03 2.09146620e-03
 -3.22473720e-03 -3.26455170e-03 2.19500230e-03
 -3.53909100e-03 -3.17179270e-03 2.27360470e-03
 -3.67618260e-03 -2.73938940e-03 2.22086490e-03
 -3.72933220e-03 -2.16961610e-03 2.03230390e-03
 -3.79491430e-03 -1.69144730e-03 1.75746970e-03
 -3.85213830e-03 -1.33127780e-03 1.44459460e-03
 -3.88404170e-03 -1.11549780e-03 1.16294690e-03
 -3.92812210e-03 -1.01550270e-03 9.57487620e-04
 -3.96365070e-03 -8.14385940e-04 7.31098810e-04
 -3.91216390e-03 -3.32627790e-04 3.44922150e-04
 -3.75210540e-03 2.55560680e-04 -1.72481580e-04
 -3.62084670e-03 5.36804900e-04 -6.13517650e-04
 -3.64997210e-03 3.62300340e-04 -8.53583800e-04
 -3.72995970e-03 8.93162430e-05 -9.87728820e-04
 -3.64849880e-03 1.78870670e-04 -1.18655110e-03
 -3.38213310e-03 6.16981120e-04 -1.47802230e-03
 -3.11319650e-03 9.04742450e-04 -1.71419190e-03
 -2.96003840e-03 6.83174470e-04 -1.73589050e-03
 -2.83930400e-03 2.24216290e-04 -1.56672190e-03
 -2.59994200e-03 -9.32756210e-06 -1.37277700e-03
 -2.23711060e-03 2.32725520e-05 -1.25215100e-03
 -1.86084370e-03 8.12892540e-05 -1.18363100e-03
 -1.54317230e-03 3.09390780e-05 -1.11762840e-03
 -1.31754610e-03 -1.43007260e-04 -1.04081460e-03
 -1.19364900e-03 -4.80304680e-04 -9.52974370e-04
 -1.13220340e-03 -8.49757520e-04 -8.70755580e-04
 -1.03571780e-03 -9.36176450e-04 -8.47672690e-04
 -8.76563600e-04 -6.50902860e-04 -9.27150250e-04
 -7.15495670e-04 -2.82176300e-04 -1.05742850e-03
 -6.29410670e-04 -1.25040780e-04 -1.13354040e-03
 -6.32257900e-04 -1.80008810e-04 -1.11554830e-03
 -6.35166130e-04 -1.68952950e-04 -1.05122030e-03
 -5.55083850e-04 1.06003980e-04 -1.00334000e-03
 -4.49961810e-04 4.80682500e-04 -9.99398060e-04
 -4.38954970e-04 7.06081510e-04 -1.01312760e-03
 -5.22709040e-04 7.73397100e-04 -9.92833640e-04
 -6.44527610e-04 7.38479600e-04 -8.95932080e-04
 -7.91923730e-04 5.79681710e-04 -7.19071070e-04
 -9.88293090e-04 3.59370290e-04 -5.33218670e-04
 -1.19575050e-03 2.50219800e-04 -4.31136140e-04
 -1.39084400e-03 2.74401480e-04 -4.16590690e-04
 -1.60650420e-03 1.92248980e-04 -3.98146660e-04
 -1.85042780e-03 -1.18564230e-04 -3.14477050e-04
 -2.01615460e-03 -3.84632670e-04 -2.15715130e-04
 -2.02545150e-03 -3.12436810e-04 -1.97032480e-04
 -1.90040190e-03 2.99319670e-05 -2.78071090e-04
 -1.67303370e-03 4.33907150e-04 -3.95697020e-04
 -1.35302250e-03 8.10436960e-04 -5.09299860e-04
 -9.60643170e-04 1.13201750e-03 -6.15178960e-04
 -5.50437540e-04 1.40515340e-03 -7.18316760e-04
 -1.67548640e-04 1.67572890e-03 -8.40613330e-04
 1.74177360e-04 2.01331610e-03 -1.02146810e-03
 4.60187760e-04 2.32744360e-03 -1.25338590e-03
 6.24611740e-04 2.37565180e-03 -1.45879360e-03
 6.37167950e-04 2.04314970e-03 -1.57020240e-03
 5.53490770e-04 1.53757310e-03 -1.60406230e-03
 4.65782360e-04 1.20277100e-03 -1.62904100e-03
 4.18086450e-04 1.18232220e-03 -1.66670210e-03
 3.94047060e-04 1.29978060e-03 -1.67081160e-03
 3.77918480e-04 1.36046010e-03 -1.59339430e-03
 3.88273150e-04 1.40445740e-03 -1.45247280e-03
 4.31445250e-04 1.51636130e-03 -1.30149650e-03
 4.81617200e-04 1.70400770e-03 -1.15855400e-03
 5.48011510e-04 2.00372840e-03 -1.00473610e-03
 6.52871390e-04 2.48953960e-03 -8.39388460e-04
 7.72299480e-04 3.07242990e-03 -6.76801600e-04
 8.59437920e-04 3.55380890e-03 -5.18298770e-04
 9.23854760e-04 3.88428030e-03 -3.61700690e-04
 1.02028410e-03 4.23600150e-03 -2.22333050e-04
 1.17893140e-03 4.75859920e-03 -1.08818590e-04
 1.37766870e-03 5.41083790e-03 -3.04626470e-06
 1.56770630e-03 6.01569240e-03 1.09977290e-04
 1.71100060e-03 6.38237920e-03 2.17858510e-04
 1.81063940e-03 6.45967200e-03 2.99528120e-04
 1.89511420e-03 6.36663430e-03 3.56487550e-04
 1.98090290e-03 6.25971430e-03 3.95995480e-04
 2.06679480e-03 6.22534890e-03 4.12142220e-04
 2.14943010e-03 6.25021520e-03 3.88164250e-04
 2.20679450e-03 6.16418430e-03 3.13713880e-04
 2.19504050e-03 5.81440560e-03 1.98260140e-04
 2.10871570e-03 5.29004680e-03 6.83176190e-05
 1.98955460e-03 4.82152170e-03 -5.31118570e-05
 1.87912180e-03 4.55905260e-03 -1.70419050e-04
 1.77918100e-03 4.45881530e-03 -3.03644050e-04
 1.67338810e-03 4.36743670e-03 -4.56442620e-04
 1.55551600e-03 4.16670040e-03 -6.10331770e-04
 1.41302440e-03 3.82011290e-03 -7.46751320e-04
 1.24378640e-03 3.39812830e-03 -8.52510330e-04
 1.07563620e-03 3.05003950e-03 -9.19006470e-04
 9.33975910e-04 2.83485650e-03 -9.54303720e-04
 7.99989910e-04 2.64114120e-03 -9.82593510e-04
 6.43571780e-04 2.32905220e-03 -1.01423380e-03
 4.61911750e-04 1.85014240e-03 -1.03275580e-03
 2.70599820e-04 1.27292800e-03 -1.01626220e-03
 8.12452640e-05 7.02837660e-04 -9.64817590e-04
 -1.00509980e-04 1.98383290e-04 -8.97115680e-04
 -2.69941350e-04 -2.38475360e-04 -8.23964130e-04
 -4.21037750e-04 -6.45369120e-04 -7.46533570e-04
 -5.62574950e-04 -1.07881730e-03 -6.64087590e-04
 -7.04771140e-04 -1.54414540e-03 -5.74239820e-04
 -8.45406320e-04 -1.98385790e-03 -4.67192730e-04
 -9.67591070e-04 -2.33629320e-03 -3.39438380e-04
 -1.06148210e-03 -2.59017780e-03 -2.01063060e-04
 -1.12619270e-03 -2.77169420e-03 -6.58135030e-05
 -1.17031300e-03 -2.90714760e-03 5.94946500e-05
 -1.19767830e-03 -3.00766040e-03 1.80166260e-04
 -1.20069460e-03 -3.05414920e-03 3.02420840e-04
 -1.17624230e-03 -3.02436740e-03 4.25740640e-04
 -1.12955750e-03 -2.92890360e-03 5.43016470e-04
 -1.06455460e-03 -2.79015840e-03 6.47936540e-04
 -9.85652210e-04 -2.62864240e-03 7.39843120e-04
 -9.00813790e-04 -2.45706430e-03 8.22539670e-04
 -8.12372950e-04 -2.26802010e-03 8.95825620e-04
 -7.19446510e-04 -2.04579790e-03 9.55456230e-04
 -6.25461050e-04 -1.80125130e-03 9.98349630e-04
 -5.33234150e-04 -1.55411210e-03 1.02405280e-03
 -4.40474100e-04 -1.31508170e-03 1.03484330e-03
 -3.49589590e-04 -1.09543500e-03 1.03344930e-03
 -2.68720410e-04 -8.99662030e-04 1.01927020e-03
 -2.02069820e-04 -7.30539090e-04 9.91282050e-04
 -1.40971780e-04 -5.82034470e-04 9.52349980e-04
 -7.96248640e-05 -4.49126590e-04 9.05800610e-04
 -2.20604510e-05 -3.38596840e-04 8.52783040e-04
 2.67171710e-05 -2.58143700e-04 7.93709360e-04
 6.91758910e-05 -2.01480270e-04 7.31195910e-04
 1.07788940e-04 -1.65515670e-04 6.69249620e-04
 1.45119730e-04 -1.50208430e-04 6.11298480e-04
 1.83541050e-04 -1.51841360e-04 5.59125560e-04
 2.25577400e-04 -1.56513900e-04 5.13294600e-04
 2.70386520e-04 -1.59407730e-04 4.74390080e-04
 3.14009200e-04 -1.65104090e-04 4.42861750e-04
 3.51056830e-04 -1.76475720e-04 4.18005020e-04
 3.79000350e-04 -1.90370280e-04 3.97965920e-04
 3.98117350e-04 -2.05580680e-04 3.81607710e-04
 4.06712290e-04 -2.27349420e-04 3.68182400e-04
 4.03726970e-04 -2.52792610e-04 3.57417270e-04
 3.88835350e-04 -2.81712770e-04 3.48936450e-04
 3.61852350e-04 -3.17278730e-04 3.42632560e-04
 3.22486040e-04 -3.63791160e-04 3.38456480e-04
 2.75650530e-04 -4.17302280e-04 3.36891210e-04
 2.27370940e-04 -4.72512360e-04 3.38110030e-04
 1.81212080e-04 -5.25325130e-04 3.41301060e-04
 1.37837070e-04 -5.76288500e-04 3.44935140e-04
 9.82606290e-05 -6.25275250e-04 3.47743710e-04
 6.37939370e-05 -6.70268370e-04 3.48720200e-04
 3.51853810e-05 -7.08423850e-04 3.46888470e-04
 1.28967830e-05 -7.38750150e-04 3.42073970e-04
 -2.84712680e-06 -7.61135070e-04 3.34314270e-04
 -1.16198610e-05 -7.72150580e-04 3.23587040e-04
 -1.38477940e-05 -7.69361500e-04 3.10088480e-04
 -1.02012340e-05 -7.54326760e-04 2.94471390e-04
 -2.73911250e-06 -7.30036530e-04 2.77177750e-04
 7.13175810e-06 -6.96568340e-04 2.58533630e-04
 1.80931440e-05 -6.55176760e-04 2.38977750e-04
 2.88700810e-05 -6.08933390e-04 2.19128360e-04
 3.84980960e-05 -5.61101070e-04 1.99653150e-04
 4.68271790e-05 -5.13177130e-04 1.81056060e-04
 5.34697540e-05 -4.67791720e-04 1.63600210e-04
 5.81078060e-05 -4.26781250e-04 1.47451470e-04
 6.08392260e-05 -3.90743230e-04 1.32751800e-04
 6.20219800e-05 -3.60155910e-04 1.19693460e-04
 6.23448720e-05 -3.34227140e-04 1.08390520e-04
 6.21983930e-05 -3.11945620e-04 9.87672610e-05
 6.17557960e-05 -2.92573420e-04 9.06886130e-05
 6.12681760e-05 -2.75239900e-04 8.40646530e-05
 6.09117780e-05 -2.58565760e-04 7.87243700e-05
 6.07263610e-05 -2.42147520e-04 7.44174100e-05
 6.07224360e-05 -2.25473080e-04 7.09654560e-05
 6.09946620e-05 -2.07804890e-04 6.81672460e-05
 6.17132460e-05 -1.88937060e-04 6.58019490e-05
 6.25373290e-05 -1.69830180e-04 6.36283080e-05
 6.31613730e-05 -1.50715790e-04 6.15137910e-05
 6.35315740e-05 -1.32152040e-04 5.94286320e-05
 6.38272470e-05 -1.13974150e-04 5.73892210e-05
 6.40263970e-05 -9.62235060e-05 5.54343130e-05
 6.40277070e-05 -8.00200070e-05 5.35153520e-05
 6.35131660e-05 -6.60091970e-05 5.15150420e-05
 6.22199950e-05 -5.43535680e-05 4.93006370e-05
 6.01565480e-05 -4.49342260e-05 4.67764260e-05
 5.73189570e-05 -3.80107670e-05 4.38989850e-05
 5.39832470e-05 -3.33135500e-05 4.07524460e-05
 5.02705260e-05 -3.03709280e-05 3.73762630e-05
 4.63791800e-05 -2.83392870e-05 3.38705650e-05
 4.23938760e-05 -2.64957160e-05 3.03178150e-05
 3.82538820e-05 -2.43399850e-05 2.67078980e-05
 3.40769260e-05 -2.19185350e-05 2.31903890e-05
 2.98690390e-05 -1.93640010e-05 1.97669490e-05
 2.57045520e-05 -1.69369200e-05 1.64836510e-05
 2.17037780e-05 -1.49293920e-05 1.34071720e-05
 1.79333240e-05 -1.34803930e-05 1.05836030e-05
 1.45276220e-05 -1.21382690e-05 8.11549940e-06
 1.15604790e-05 -1.08317710e-05 6.03244140e-06
 9.02658850e-06 -9.48738580e-06 4.32658630e-06
 6.88680850e-06 -8.07545440e-06 3.00592410e-06
 5.15349170e-06 -6.64488560e-06 2.09298040e-06
 3.68337280e-06 -5.27860490e-06 1.40299910e-06
 2.49933530e-06 -4.03339390e-06 9.26905330e-07
 1.57736690e-06 -2.96828690e-06 6.03157160e-07
 9.02620570e-07 -2.09999280e-06 3.64817170e-07
 5.27454400e-07 -1.38867280e-06 1.98944450e-07
 3.52062900e-07 -8.11337200e-07 8.31447840e-08
 3.26101140e-07 -3.90704680e-07 1.31106550e-08
 3.48762310e-07 -1.43515890e-07 -2.33070700e-08
 3.54145330e-07 -6.12711930e-09 -3.87061300e-08
