 5.08621700e-08 -4.55475880e-07 -5.32296440e-07
 3.73979710e-08 -5.04951800e-07 -5.07508280e-07
 1.09901090e-08 -5.38929100e-07 -4.35104990e-07
 -4.45298520e-08 -5.41655990e-07 -3.20553030e-07
 -1.47137460e-07 -4.94963500e-07 -1.72410670e-07
 -3.01699340e-07 -3.91402780e-07 -2.33849810e-11
 -5.15202200e-07 -2.13154280e-07 1.77962510e-07
 -7.76751790e-07 3.38676000e-08 3.45828170e-07
 -1.06383830e-06 3.29000610e-07 4.88922180e-07
 -1.34284730e-06 6.38914230e-07 5.92724350e-07
 -1.57359920e-06 9.21849510e-07 6.42414930e-07
 -1.71465490e-06 1.13474210e-06 6.22508030e-07
 -1.74217190e-06 1.24880050e-06 5.22566490e-07
 -1.64785270e-06 1.24731460e-06 3.39273100e-07
 -1.43933300e-06 1.12746000e-06 7.86743470e-08
 -1.14043660e-06 9.05196600e-07 -2.44510460e-07
 -7.69866970e-07 6.03414490e-07 -6.17425830e-07
 -3.60124230e-07 2.54352360e-07 -1.04076800e-06
 6.49332250e-08 -1.20415830e-07 -1.53973590e-06
 5.04284740e-07 -5.23048530e-07 -2.16949340e-06
 9.85288240e-07 -9.83105910e-07 -3.02235410e-06
 1.57839590e-06 -1.56697420e-06 -4.25814050e-06
 2.42464150e-06 -2.41349060e-06 -6.15300500e-06
 3.79170050e-06 -3.79700670e-06 -9.22246180e-06
 6.19151750e-06 -6.24191900e-06 -1.44326490e-05
 1.05995840e-05 -1.07304770e-05 -2.35914540e-05
 1.88517700e-05 -1.91041870e-05 -4.01098110e-05
 3.44001670e-05 -3.48102620e-05 -7.03840050e-05
 6.36790430e-05 -6.42747840e-05 -1.26348910e-04
 1.18601430e-04 -1.19373470e-04 -2.30109730e-04
 2.20748610e-04 -2.21525650e-04 -4.21706560e-04
 4.07113960e-04 -4.07129440e-04 -7.69772570e-04
 7.32863090e-04 -7.29531920e-04 -1.37654790e-03
 1.26129120e-03 -1.24794590e-03 -2.35880330e-03
 2.04042790e-03 -2.00389280e-03 -3.80236770e-03
 3.08314380e-03 -3.00267320e-03 -5.71995090e-03
 4.35997450e-03 -4.20840640e-03 -8.03228650e-03
 5.79590400e-03 -5.54264620e-03 -1.05645970e-02
 7.28460590e-03 -6.89927120e-03 -1.30827300e-02
 8.74566380e-03 -8.19935280e-03 -1.54014920e-02
 1.01707170e-02 -9.43086110e-03 -1.74661870e-02
 1.15760340e-02 -1.05994610e-02 -1.92786250e-02
 1.29705380e-02 -1.17076130e-02 -2.08629180e-02
 1.43572170e-02 -1.27587300e-02 -2.22601570e-02
 1.56906040e-02 -1.36958800e-02 -2.34137740e-02
 1.69287100e-02 -1.44555460e-02 -2.42701120e-02
 1.80829000e-02 -1.50365620e-02 -2.49064340e-02
 1.91177200e-02 -1.53979120e-02 -2.53734760e-02
 1.98989450e-02 -1.54117900e-02 -2.55933910e-02
 2.03100090e-02 -1.49793240e-02 -2.54784230e-02
 2.03451350e-02 -1.40974320e-02 -2.50322610e-02
 2.00575330e-02 -1.28212530e-02 -2.43150160e-02
 1.95024980e-02 -1.12390090e-02 -2.34047490e-02
 1.88147180e-02 -9.52227510e-03 -2.24743080e-02
 1.82113610e-02 -7.91027490e-03 -2.16741380e-02
 1.78972090e-02 -6.64694650e-03 -2.09430940e-02
 1.80655510e-02 -5.98144580e-03 -2.00375540e-02
 1.90005970e-02 -6.24817660e-03 -1.86376870e-02
 2.10899560e-02 -7.88477060e-03 -1.63903650e-02
 2.46788710e-02 -1.12932550e-02 -1.29445980e-02
 2.98968030e-02 -1.66380290e-02 -8.05164500e-03
 3.65204510e-02 -2.36685690e-02 -1.61647060e-03
 4.38600700e-02 -3.15652040e-02 6.23657600e-03
 5.05762660e-02 -3.87856660e-02 1.49829320e-02
 5.48389290e-02 -4.33645920e-02 2.36628480e-02
 5.49955030e-02 -4.37427830e-02 3.11229730e-02
 5.03167060e-02 -3.94985120e-02 3.63472180e-02
 4.12679840e-02 -3.13930140e-02 3.88610590e-02
 2.93331910e-02 -2.09932980e-02 3.88442720e-02
 1.66200420e-02 -1.02408500e-02 3.70493530e-02
 5.05999340e-03 -8.09891730e-04 3.41663620e-02
 -4.39065090e-03 6.30321400e-03 3.07542510e-02
 -1.16078630e-02 1.08422500e-02 2.71864370e-02
 -1.67759860e-02 1.31725430e-02 2.36308740e-02
 -1.99937990e-02 1.38468570e-02 1.99954270e-02
 -2.11122370e-02 1.32533200e-02 1.61222930e-02
 -2.00650970e-02 1.13766480e-02 1.21308970e-02
 -1.77531930e-02 8.49464910e-03 8.64826420e-03
 -1.54641620e-02 5.48447060e-03 6.02997280e-03
 -1.37566180e-02 3.06785110e-03 4.05419250e-03
 -1.21250460e-02 1.22638800e-03 2.22788540e-03
 -1.01906330e-02 3.09866550e-05 2.64239760e-04
 -8.42897130e-03 -2.99855430e-04 -1.64531750e-03
 -7.46094390e-03 1.36511230e-04 -3.11965260e-03
 -7.09973600e-03 9.02776780e-04 -4.19421540e-03
 -6.63870900e-03 1.57301500e-03 -5.15343300e-03
 -5.71243140e-03 2.16105490e-03 -6.19038940e-03
 -4.51626770e-03 2.79889740e-03 -7.19685570e-03
 -3.56905070e-03 3.22540620e-03 -7.80610090e-03
 -2.96618440e-03 3.11703680e-03 -7.93293300e-03
 -2.27682130e-03 2.60815770e-03 -7.97631130e-03
 -1.18242180e-03 1.81778970e-03 -8.15860930e-03
 -6.78031720e-05 8.27938140e-04 -8.13807080e-03
 5.25133630e-04 -4.96043580e-05 -7.65325590e-03
 5.65991910e-04 -6.17219140e-04 -6.94612690e-03
 5.64244520e-04 -9.91182750e-04 -6.39239840e-03
 8.15114120e-04 -1.16160630e-03 -6.03214840e-03
 1.12773960e-03 -9.61084910e-04 -5.70638060e-03
 1.21909170e-03 -5.25154990e-04 -5.20709810e-03
 1.04833000e-03 -1.60170270e-04 -4.46604330e-03
 8.42955720e-04 2.01766230e-05 -3.66939280e-03
 8.77042880e-04 1.96591880e-04 -3.06945320e-03
 1.23764480e-03 4.96114780e-04 -2.68291470e-03
 1.66881520e-03 7.02609600e-04 -2.23549480e-03
 1.87886620e-03 4.92588620e-04 -1.48314490e-03
 1.91957110e-03 -9.56734800e-05 -5.55642120e-04
 2.04498760e-03 -7.16257960e-04 2.51103220e-04
 2.35336550e-03 -1.17123520e-03 8.87681260e-04
 2.71932500e-03 -1.53503430e-03 1.52389020e-03
 2.98785230e-03 -2.01223350e-03 2.24591860e-03
 3.09446340e-03 -2.82297170e-03 3.00884270e-03
 3.02268660e-03 -3.87736250e-03 3.74317030e-03
 2.93526570e-03 -4.67677650e-03 4.30526720e-03
 2.97092650e-03 -4.83213130e-03 4.61078250e-03
 3.08450800e-03 -4.68851350e-03 4.73540420e-03
 3.04316520e-03 -4.87700430e-03 4.89086700e-03
 2.62729820e-03 -5.39213510e-03 5.16083650e-03
 1.94516580e-03 -5.61018520e-03 5.35909370e-03
 1.41695000e-03 -5.15456730e-03 5.22532220e-03
 1.08348620e-03 -4.34751950e-03 4.86717420e-03
 5.73556990e-04 -3.72852450e-03 4.56911470e-03
 -2.89591090e-04 -3.49278470e-03 4.41127640e-03
 -1.26373450e-03 -3.38936290e-03 4.25572740e-03
 -2.03025600e-03 -3.07557570e-03 3.98849040e-03
 -2.62001340e-03 -2.45401050e-03 3.67883900e-03
 -3.24084170e-03 -1.75164620e-03 3.42640090e-03
 -3.94651670e-03 -1.21577390e-03 3.19833540e-03
 -4.58911990e-03 -1.01186070e-03 2.88122310e-03
 -5.18324830e-03 -1.20279760e-03 2.55095610e-03
 -5.76806770e-03 -1.41733510e-03 2.27031650e-03
 -6.19960620e-03 -1.11029450e-03 1.90661150e-03
 -6.42007640e-03 -4.37558310e-04 1.40915710e-03
 -6.62582460e-03 -1.43981730e-04 9.39503840e-04
 -6.91905900e-03 -4.87814740e-04 6.32711980e-04
 -7.12443700e-03 -9.04259270e-04 4.17528620e-04
 -7.07354300e-03 -8.01134160e-04 1.85697020e-04
 -6.85509760e-03 -2.64204780e-04 -5.47002090e-05
 -6.71095490e-03 1.44275790e-04 -2.07446270e-04
 -6.70779780e-03 4.49181790e-05 -2.45254980e-04
 -6.69556300e-03 -3.38402630e-04 -2.23891720e-04
 -6.55490950e-03 -4.39706580e-04 -1.96267220e-04
 -6.25349390e-03 -3.48414580e-05 -2.11092280e-04
 -5.81937470e-03 5.53286750e-04 -2.94002790e-04
 -5.29388110e-03 9.92091610e-04 -4.93987930e-04
 -4.72967610e-03 1.16256790e-03 -7.82550020e-04
 -4.16874420e-03 1.06894110e-03 -1.02683840e-03
 -3.55312270e-03 9.78720260e-04 -1.15740560e-03
 -2.81247520e-03 1.24256090e-03 -1.27184090e-03
 -2.05253650e-03 1.70065390e-03 -1.46637660e-03
 -1.46454170e-03 1.83688470e-03 -1.70075800e-03
 -1.10679880e-03 1.51076970e-03 -1.86890290e-03
 -8.48500470e-04 1.05148090e-03 -1.92268930e-03
 -5.82961600e-04 7.78458260e-04 -1.88518050e-03
 -3.22694570e-04 7.58684240e-04 -1.81936570e-03
 -1.61732230e-04 8.67849040e-04 -1.80536390e-03
 -1.86600650e-04 7.92886890e-04 -1.78918460e-03
 -4.17099330e-04 2.95214680e-04 -1.61207470e-03
 -7.53083320e-04 -3.64546310e-04 -1.25299080e-03
 -1.03584600e-03 -6.72858670e-04 -9.14746020e-04
 -1.26946070e-03 -5.74189470e-04 -7.70780030e-04
 -1.57145030e-03 -5.10273730e-04 -7.62558430e-04
 -1.99224940e-03 -8.06077440e-04 -7.14792930e-04
 -2.48743010e-03 -1.33039140e-03 -5.70942940e-04
 -2.96275130e-03 -1.74949980e-03 -4.06976120e-04
 -3.30943260e-03 -1.88247130e-03 -3.33854260e-04
 -3.50226320e-03 -1.76353250e-03 -4.07317770e-04
 -3.58116020e-03 -1.51271440e-03 -5.94660990e-04
 -3.59169160e-03 -1.22252060e-03 -7.86199930e-04
 -3.57278810e-03 -9.67139440e-04 -8.98196890e-04
 -3.51979050e-03 -7.22365630e-04 -9.54371700e-04
 -3.33126700e-03 -2.91217820e-04 -1.05080860e-03
 -2.92640510e-03 4.56118050e-04 -1.23346420e-03
 -2.41941260e-03 1.25082500e-03 -1.42213950e-03
 -2.00476060e-03 1.74103050e-03 -1.49886660e-03
 -1.68118500e-03 2.06872540e-03 -1.46521220e-03
 -1.26814820e-03 2.57308800e-03 -1.43792620e-03
 -7.12998850e-04 3.25707390e-03 -1.47639670e-03
 -1.07224160e-04 3.93069070e-03 -1.52391570e-03
 4.94398760e-04 4.56053950e-03 -1.51845580e-03
 1.07783250e-03 5.18151790e-03 -1.48320880e-03
 1.59869090e-03 5.70860510e-03 -1.43682880e-03
 2.02687040e-03 6.07713590e-03 -1.36722720e-03
 2.40965490e-03 6.43606950e-03 -1.29436430e-03
 2.79214300e-03 6.95139310e-03 -1.27252200e-03
 3.17076590e-03 7.53995870e-03 -1.28625440e-03
 3.49523200e-03 8.05141780e-03 -1.27603470e-03
 3.70517610e-03 8.39677450e-03 -1.22408240e-03
 3.77042130e-03 8.55514030e-03 -1.16515600e-03
 3.71883110e-03 8.54753420e-03 -1.13150170e-03
 3.58220610e-03 8.36597380e-03 -1.10419120e-03
 3.39470270e-03 8.06107000e-03 -1.05329360e-03
 3.20276620e-03 7.72093520e-03 -9.85780960e-04
 3.00037880e-03 7.30051470e-03 -9.18353150e-04
 2.74515080e-03 6.73956050e-03 -8.53154110e-04
 2.44793250e-03 6.09944950e-03 -7.94294990e-04
 2.19365580e-03 5.50126280e-03 -7.54695850e-04
 2.03694470e-03 5.06156220e-03 -7.43662590e-04
 1.94622270e-03 4.76542860e-03 -7.58752580e-04
 1.84902290e-03 4.45390070e-03 -7.99247010e-04
 1.70891420e-03 4.00777390e-03 -8.60721800e-04
 1.53088480e-03 3.44287560e-03 -9.34048440e-04
 1.35406580e-03 2.85101570e-03 -1.00412690e-03
 1.20202890e-03 2.31111490e-03 -1.05671310e-03
 1.06601080e-03 1.85856040e-03 -1.07677040e-03
 9.13885190e-04 1.47965240e-03 -1.07013910e-03
 7.04604490e-04 1.08912140e-03 -1.05611120e-03
 4.42801010e-04 6.29198970e-04 -1.03774040e-03
 1.82415420e-04 1.67108400e-04 -9.98327620e-04
 -4.43019820e-05 -2.42519280e-04 -9.24936550e-04
 -2.51650370e-04 -6.21078650e-04 -8.18680040e-04
 -4.50786580e-04 -9.70550350e-04 -6.94674910e-04
 -6.46050500e-04 -1.29179980e-03 -5.72204360e-04
 -8.30975940e-04 -1.59708170e-03 -4.56951530e-04
 -9.88003910e-04 -1.86180130e-03 -3.43766210e-04
 -1.09863010e-03 -2.05757560e-03 -2.22413610e-04
 -1.16732020e-03 -2.19258920e-03 -9.28054720e-05
 -1.20369340e-03 -2.26293760e-03 3.72763390e-05
 -1.21793190e-03 -2.25803540e-03 1.58939610e-04
 -1.21848580e-03 -2.20770740e-03 2.70058110e-04
 -1.20836660e-03 -2.14245150e-03 3.68598090e-04
 -1.17002100e-03 -2.05165590e-03 4.58419380e-04
 -1.09769510e-03 -1.93077950e-03 5.42404480e-04
 -1.00510260e-03 -1.78561250e-03 6.16840030e-04
 -8.94137310e-04 -1.60402460e-03 6.78478330e-04
 -7.67927560e-04 -1.39391600e-03 7.25795570e-04
 -6.41643650e-04 -1.19589860e-03 7.58147390e-04
 -5.19847960e-04 -1.01991700e-03 7.76560740e-04
 -3.91317090e-04 -8.48786440e-04 7.83985190e-04
 -2.63849940e-04 -6.93216860e-04 7.80823760e-04
 -1.50088690e-04 -5.67948330e-04 7.68486470e-04
 -4.58811810e-05 -4.55189930e-04 7.49287540e-04
 5.40518810e-05 -3.47364260e-04 7.24563080e-04
 1.40105160e-04 -2.65027920e-04 6.93823790e-04
 2.12260870e-04 -2.05636970e-04 6.58221660e-04
 2.78977620e-04 -1.48901440e-04 6.20734350e-04
 3.37893780e-04 -9.66290390e-05 5.83785240e-04
 3.77261550e-04 -7.19808890e-05 5.48311220e-04
 3.99797080e-04 -7.04922790e-05 5.16008990e-04
 4.15380930e-04 -7.40083850e-05 4.88396970e-04
 4.21177360e-04 -8.56165930e-05 4.64304990e-04
 4.11959980e-04 -1.07923020e-04 4.42204620e-04
 3.92163490e-04 -1.32485540e-04 4.23237390e-04
 3.64721110e-04 -1.56419410e-04 4.09048110e-04
 3.28767810e-04 -1.82394460e-04 3.98747220e-04
 2.88414480e-04 -2.08993840e-04 3.90523840e-04
 2.46675980e-04 -2.35064290e-04 3.84193180e-04
 2.03763960e-04 -2.62666350e-04 3.80399320e-04
 1.59056830e-04 -2.97272930e-04 3.78347440e-04
 1.16970580e-04 -3.31805320e-04 3.77820280e-04
 8.05336170e-05 -3.62548860e-04 3.79439410e-04
 5.26876280e-05 -3.90038270e-04 3.83025270e-04
 3.65528540e-05 -4.10832870e-04 3.87485690e-04
 3.21071310e-05 -4.22488320e-04 3.92215590e-04
 3.57483440e-05 -4.28546540e-04 3.96253860e-04
 4.39285870e-05 -4.32604950e-04 3.98905340e-04
 5.46355550e-05 -4.40161470e-04 4.00456450e-04
 7.10088420e-05 -4.49288370e-04 4.01076340e-04
 9.65609290e-05 -4.54911290e-04 4.00039860e-04
 1.28119440e-04 -4.61092740e-04 3.96967110e-04
 1.61758380e-04 -4.66497320e-04 3.91537440e-04
 1.96771450e-04 -4.61157560e-04 3.83268870e-04
 2.29237240e-04 -4.49594690e-04 3.71669160e-04
 2.54526560e-04 -4.44766340e-04 3.56624140e-04
 2.74580670e-04 -4.43661960e-04 3.38816050e-04
 2.89290100e-04 -4.41803600e-04 3.18924170e-04
 2.94657280e-04 -4.45151880e-04 2.97267190e-04
 2.89419580e-04 -4.56967480e-04 2.74109830e-04
 2.73392330e-04 -4.78920410e-04 2.49737470e-04
 2.48860980e-04 -5.08186930e-04 2.25174820e-04
 2.20100260e-04 -5.42044000e-04 2.01286940e-04
 1.91560260e-04 -5.74194480e-04 1.78720250e-04
 1.63783170e-04 -6.00261090e-04 1.57744110e-04
 1.34436850e-04 -6.21215380e-04 1.38348420e-04
 1.01235400e-04 -6.39909120e-04 1.20298810e-04
 6.74934130e-05 -6.55229380e-04 1.03770280e-04
 3.96076430e-05 -6.62889800e-04 8.96004130e-05
 1.92121640e-05 -6.61537750e-04 7.80851410e-05
 5.82141140e-06 -6.47380720e-04 6.88013390e-05
 -5.17620890e-07 -6.16547540e-04 6.14666280e-05
 -1.03265060e-06 -5.72482360e-04 5.57322860e-05
 1.23996650e-06 -5.21892330e-04 5.10213580e-05
 6.09983040e-06 -4.66013850e-04 4.70419000e-05
 1.32719590e-05 -4.08886820e-04 4.38726060e-05
 2.02529150e-05 -3.56890030e-04 4.13316670e-05
 2.56815730e-05 -3.10809060e-04 3.91565990e-05
 2.93290890e-05 -2.70743450e-04 3.71036990e-05
 3.13016030e-05 -2.37967860e-04 3.51068300e-05
 3.30272600e-05 -2.10830670e-04 3.32080340e-05
 3.58202050e-05 -1.87700930e-04 3.14368150e-05
 3.91940050e-05 -1.70182170e-04 2.96135750e-05
 4.23102720e-05 -1.58841080e-04 2.77430700e-05
 4.46810410e-05 -1.53281320e-04 2.58511940e-05
 4.55399350e-05 -1.52906400e-04 2.39186900e-05
 4.52897840e-05 -1.56322120e-04 2.18942770e-05
 4.43671960e-05 -1.60811470e-04 1.97556730e-05
 4.27077760e-05 -1.64411020e-04 1.74489540e-05
 4.03087290e-05 -1.66741870e-04 1.50773500e-05
 3.82685470e-05 -1.65832050e-04 1.28411330e-05
 3.73593500e-05 -1.59582950e-04 1.08805260e-05
 3.73586370e-05 -1.49235390e-04 9.09016850e-06
 3.80960010e-05 -1.36266380e-04 7.30526740e-06
 3.94193120e-05 -1.21657870e-04 5.43508850e-06
 4.11083710e-05 -1.06769810e-04 3.45268220e-06
 4.30002510e-05 -9.21565300e-05 1.43498880e-06
 4.57283500e-05 -7.69871990e-05 -5.38698430e-07
 4.89942430e-05 -6.25248070e-05 -2.39942820e-06
 5.18253580e-05 -5.08672750e-05 -4.08898860e-06
 5.42041960e-05 -4.18091620e-05 -5.62209470e-06
 5.60670160e-05 -3.55551970e-05 -7.06822540e-06
 5.67652350e-05 -3.27649900e-05 -8.43865020e-06
 5.61617130e-05 -3.26606240e-05 -9.71798000e-06
 5.48764150e-05 -3.39065590e-05 -1.09198630e-05
 5.28299390e-05 -3.67131690e-05 -1.20683030e-05
 5.01305910e-05 -4.04813070e-05 -1.31884860e-05
 4.74910670e-05 -4.36377630e-05 -1.42915530e-05
 4.54881590e-05 -4.56751880e-05 -1.54094610e-05
 4.41394150e-05 -4.69935990e-05 -1.65256210e-05
 4.33616550e-05 -4.72686840e-05 -1.76071640e-05
 4.30870130e-05 -4.67171270e-05 -1.85535280e-05
 4.28822970e-05 -4.64274820e-05 -1.93176750e-05
 4.26326810e-05 -4.63582360e-05 -1.98593640e-05
 4.22104710e-05 -4.66878450e-05 -2.01490290e-05
 4.14201930e-05 -4.74716760e-05 -2.02357010e-05
 4.03882150e-05 -4.78193400e-05 -2.01261060e-05
 3.92756160e-05 -4.68680480e-05 -1.98050600e-05
 3.78543190e-05 -4.48190770e-05 -1.92929290e-05
 3.57605130e-05 -4.18101440e-05 -1.86245430e-05
 3.26215090e-05 -3.82020920e-05 -1.78661580e-05
 2.82600490e-05 -3.46839260e-05 -1.70730580e-05
 2.30769620e-05 -3.13028760e-05 -1.62900160e-05
 1.79030210e-05 -2.75522760e-05 -1.55248380e-05
 1.33985700e-05 -2.34782110e-05 -1.47172070e-05
 9.84493540e-06 -1.97890200e-05 -1.37954870e-05
 7.22981530e-06 -1.64065600e-05 -1.27088800e-05
 5.25073440e-06 -1.33774610e-05 -1.14847740e-05
 3.62977560e-06 -1.07754560e-05 -1.01890440e-05
 2.22424160e-06 -8.22736000e-06 -8.87008170e-06
 9.70723250e-07 -5.92794910e-06 -7.58942220e-06
 -1.39333880e-07 -4.00060300e-06 -6.40002100e-06
 -1.00738360e-06 -2.50860220e-06 -5.32453350e-06
 -1.58737150e-06 -1.41090030e-06 -4.37924020e-06
 -1.89581020e-06 -7.39419700e-07 -3.59349810e-06
 -1.89735330e-06 -3.24389050e-07 -2.91887360e-06
 -1.63252610e-06 -1.37639500e-07 -2.35155770e-06
 -1.21400210e-06 -4.99140820e-08 -1.88344770e-06
 -7.50851310e-07 1.49322710e-08 -1.49757180e-06
 -3.26876520e-07 2.74086190e-08 -1.18488470e-06
 -1.91070950e-08 3.27716060e-08 -9.24685310e-07
 1.47617940e-07 1.29173540e-08 -7.17859390e-07
 2.03717210e-07 -4.21475440e-08 -5.48864930e-07
 2.00364820e-07 -9.93587860e-08 -4.06327130e-07
