 -9.24738900e-08 -4.99549120e-07 5.20008770e-07
 -6.07130130e-08 -5.60503570e-07 7.29317090e-07
 1.46485980e-08 -5.91549620e-07 9.35444970e-07
 1.27993320e-07 -5.89410600e-07 1.11651450e-06
 2.67148380e-07 -5.55187740e-07 1.25279260e-06
 4.20023950e-07 -4.95696330e-07 1.33138550e-06
 5.74385870e-07 -4.22727420e-07 1.33777140e-06
 7.20194580e-07 -3.55359080e-07 1.26281050e-06
 8.51195410e-07 -3.17193640e-07 1.10200540e-06
 9.64053360e-07 -3.29212780e-07 8.58729780e-07
 1.05369850e-06 -4.01045270e-07 5.46891160e-07
 1.11375120e-06 -5.32622550e-07 1.90786810e-07
 1.13187140e-06 -7.09697250e-07 -1.78626780e-07
 1.09433420e-06 -9.12731250e-07 -5.27716680e-07
 9.90691430e-07 -1.12421450e-06 -8.26524110e-07
 8.16032130e-07 -1.33211880e-06 -1.05747670e-06
 5.60303990e-07 -1.52860300e-06 -1.22083750e-06
 2.22958120e-07 -1.70851100e-06 -1.33124960e-06
 -1.92078630e-07 -1.86704660e-06 -1.40802050e-06
 -6.70686060e-07 -1.99842340e-06 -1.46346420e-06
 -1.18505030e-06 -2.09050240e-06 -1.49607910e-06
 -1.70546410e-06 -2.12157490e-06 -1.49381240e-06
 -2.19541080e-06 -2.06798130e-06 -1.44720100e-06
 -2.61473660e-06 -1.91673170e-06 -1.35089790e-06
 -2.92740400e-06 -1.67011740e-06 -1.20213710e-06
 -3.11178520e-06 -1.33941260e-06 -1.00500200e-06
 -3.15415880e-06 -9.36511810e-07 -7.66771390e-07
 -3.05544810e-06 -4.83420760e-07 -5.02990130e-07
 -2.82410290e-06 -7.08399520e-09 -2.32541540e-07
 -2.48230190e-06 4.64904160e-07 2.22106900e-08
 -2.07023600e-06 9.03121300e-07 2.40608760e-07
 -1.64056700e-06 1.28094370e-06 4.08085920e-07
 -1.25897440e-06 1.57503930e-06 5.21967250e-07
 -9.84801320e-07 1.76442530e-06 5.89248200e-07
 -8.55140740e-07 1.83425080e-06 6.28403090e-07
 -8.82088500e-07 1.78694860e-06 6.66384100e-07
 -1.05339020e-06 1.63789150e-06 7.28091270e-07
 -1.33213580e-06 1.41030280e-06 8.34193430e-07
 -1.66528730e-06 1.12641750e-06 9.93699250e-07
 -2.00453040e-06 8.07072870e-07 1.19776480e-06
 -2.32496770e-06 4.69045090e-07 1.42511280e-06
 -2.63060090e-06 1.17068260e-07 1.65300920e-06
 -2.93909650e-06 -2.49205410e-07 1.87033520e-06
 -3.27071030e-06 -6.30704900e-07 2.07621060e-06
 -3.63404480e-06 -1.02006330e-06 2.27297390e-06
 -4.02499930e-06 -1.40368250e-06 2.46409350e-06
 -4.43827230e-06 -1.77243780e-06 2.66274450e-06
 -4.87500070e-06 -2.13193180e-06 2.89593050e-06
 -5.35576650e-06 -2.50928060e-06 3.21577180e-06
 -5.95974010e-06 -2.95860060e-06 3.71814510e-06
 -6.88281940e-06 -3.58011810e-06 4.58279420e-06
 -8.50660580e-06 -4.55902950e-06 6.15695030e-06
 -1.15380440e-05 -6.22940070e-06 9.08836590e-06
 -1.72635350e-05 -9.19017380e-06 1.45784490e-05
 -2.80428320e-05 -1.45506650e-05 2.48697720e-05
 -4.82424880e-05 -2.43801550e-05 4.41490160e-05
 -8.60147340e-05 -4.25425130e-05 8.02358920e-05
 -1.56437730e-04 -7.61820480e-05 1.47556760e-04
 -2.86568540e-04 -1.38071790e-04 2.71871720e-04
 -5.21269630e-04 -2.49112110e-04 4.95399350e-04
 -9.21990960e-04 -4.37009380e-04 8.74148800e-04
 -1.54602780e-03 -7.25260470e-04 1.45479850e-03
 -2.41505470e-03 -1.11788060e-03 2.24129760e-03
 -3.49652530e-03 -1.59199940e-03 3.17621160e-03
 -4.70475570e-03 -2.10050910e-03 4.14435430e-03
 -5.90322680e-03 -2.57388110e-03 4.98177720e-03
 -6.93068370e-03 -2.93323700e-03 5.51275300e-03
 -7.71084430e-03 -3.14639600e-03 5.66982150e-03
 -8.29585830e-03 -3.24765970e-03 5.53307360e-03
 -8.77118480e-03 -3.28562460e-03 5.22186790e-03
 -9.18768720e-03 -3.28675560e-03 4.82082180e-03
 -9.58923160e-03 -3.27091940e-03 4.39271050e-03
 -1.00014890e-02 -3.24974670e-03 3.95871560e-03
 -1.03789610e-02 -3.20322510e-03 3.47479970e-03
 -1.06785870e-02 -3.11376290e-03 2.93126210e-03
 -1.09187470e-02 -2.99156640e-03 2.40498360e-03
 -1.11144110e-02 -2.84455970e-03 1.95948550e-03
 -1.12352960e-02 -2.66264820e-03 1.57599850e-03
 -1.12861900e-02 -2.45422940e-03 1.23324040e-03
 -1.13253290e-02 -2.24751190e-03 9.42760610e-04
 -1.13549770e-02 -2.04120480e-03 6.66398260e-04
 -1.13130980e-02 -1.80762060e-03 3.28776480e-04
 -1.11716680e-02 -1.53666130e-03 -8.31317740e-05
 -1.09460860e-02 -1.23629160e-03 -5.37503280e-04
 -1.06470370e-02 -9.12707940e-04 -1.02132010e-03
 -1.02862420e-02 -5.74807460e-04 -1.51894170e-03
 -9.90497790e-03 -2.44252530e-04 -1.97624930e-03
 -9.54773370e-03 5.68038560e-05 -2.34254850e-03
 -9.23193530e-03 3.18176580e-04 -2.61654660e-03
 -8.97555150e-03 5.31796890e-04 -2.80518040e-03
 -8.78955800e-03 6.96011470e-04 -2.90675160e-03
 -8.65324310e-03 8.22808070e-04 -2.95131490e-03
 -8.54963810e-03 9.21122670e-04 -2.97128290e-03
 -8.50949060e-03 9.80201180e-04 -2.94362820e-03
 -8.56339470e-03 9.88738380e-04 -2.83635550e-03
 -8.70736410e-03 9.45273500e-04 -2.65510940e-03
 -8.99768160e-03 8.18316940e-04 -2.36495030e-03
 -9.56852450e-03 5.42255700e-04 -1.87848570e-03
 -1.05383260e-02 5.88088190e-05 -1.13327980e-03
 -1.19461960e-02 -6.54787760e-04 -1.26938060e-04
 -1.37516980e-02 -1.58501210e-03 1.09040850e-03
 -1.57938210e-02 -2.67053880e-03 2.38203020e-03
 -1.77476050e-02 -3.79508450e-03 3.50497310e-03
 -1.91598550e-02 -4.81697820e-03 4.16473950e-03
 -1.95552710e-02 -5.64259800e-03 4.11201360e-03
 -1.85439640e-02 -6.30298680e-03 3.20448170e-03
 -1.60099920e-02 -6.98987250e-03 1.51668710e-03
 -1.22029410e-02 -7.98220000e-03 -6.11661350e-04
 -7.58930340e-03 -9.51782060e-03 -2.72922610e-03
 -2.60061680e-03 -1.15426400e-02 -4.53078420e-03
 2.29106100e-03 -1.35999310e-02 -5.83182740e-03
 6.49916750e-03 -1.50281700e-02 -6.49494170e-03
 9.57774650e-03 -1.54757180e-02 -6.50178130e-03
 1.14137510e-02 -1.50384990e-02 -5.95568590e-03
 1.20586360e-02 -1.38937500e-02 -4.92657580e-03
 1.18561280e-02 -1.23179730e-02 -3.54828380e-03
 1.13929820e-02 -1.05851260e-02 -2.10602510e-03
 1.11054760e-02 -8.86454430e-03 -7.99138220e-04
 1.10191070e-02 -7.18888220e-03 3.87089040e-04
 1.10131120e-02 -5.70730490e-03 1.52410540e-03
 1.10977390e-02 -4.55422330e-03 2.55042640e-03
 1.12835210e-02 -3.74086830e-03 3.38509070e-03
 1.13710880e-02 -3.14214450e-03 4.06724120e-03
 1.11470240e-02 -2.66248060e-03 4.63851170e-03
 1.06762200e-02 -2.38910010e-03 5.02614820e-03
 1.01760850e-02 -2.40444930e-03 5.12192540e-03
 9.70656980e-03 -2.67196100e-03 4.92598770e-03
 9.07533900e-03 -2.95651420e-03 4.53930350e-03
 8.18481860e-03 -3.03302520e-03 4.02540290e-03
 7.26046790e-03 -2.88286040e-03 3.35708730e-03
 6.62830800e-03 -2.66133950e-03 2.54060650e-03
 6.35824960e-03 -2.37311680e-03 1.66781690e-03
 6.21069920e-03 -1.89726230e-03 8.50211070e-04
 5.96111550e-03 -1.22800890e-03 1.11864570e-04
 5.57290200e-03 -4.25564500e-04 -6.21739770e-04
 5.11435840e-03 4.93854630e-04 -1.40918540e-03
 4.56377910e-03 1.47214080e-03 -2.18524160e-03
 3.84747490e-03 2.45564170e-03 -2.88107920e-03
 3.06132850e-03 3.41235960e-03 -3.51755410e-03
 2.35549410e-03 4.25886740e-03 -4.09152590e-03
 1.78270750e-03 4.90313400e-03 -4.55278300e-03
 1.24976620e-03 5.33282060e-03 -4.89355810e-03
 6.90490010e-04 5.53248220e-03 -5.13014520e-03
 7.56285150e-05 5.48357100e-03 -5.27541150e-03
 -5.71280720e-04 5.33167880e-03 -5.34601880e-03
 -1.25061300e-03 5.25571030e-03 -5.33060730e-03
 -1.97233030e-03 5.17068100e-03 -5.19180860e-03
 -2.66412410e-03 4.78281500e-03 -4.94869570e-03
 -3.21614910e-03 4.10829810e-03 -4.65762430e-03
 -3.64399960e-03 3.52148970e-03 -4.34339880e-03
 -4.02490330e-03 3.27075970e-03 -3.97494900e-03
 -4.36270520e-03 3.21031900e-03 -3.54884730e-03
 -4.61769520e-03 3.08174150e-03 -3.12994890e-03
 -4.72808860e-03 2.77972480e-03 -2.75497230e-03
 -4.65982410e-03 2.35939350e-03 -2.39218310e-03
 -4.45517990e-03 1.88374810e-03 -2.01613670e-03
 -4.20700060e-03 1.40568490e-03 -1.66291480e-03
 -3.96056470e-03 9.85205290e-04 -1.35232990e-03
 -3.65473770e-03 5.87234560e-04 -1.07520610e-03
 -3.18411300e-03 1.21969240e-04 -8.04607470e-04
 -2.54742450e-03 -4.94668380e-04 -4.93843520e-04
 -1.84293740e-03 -1.17066570e-03 -1.27137680e-04
 -1.20493360e-03 -1.58762340e-03 2.42348060e-04
 -6.80591970e-04 -1.63627190e-03 5.70645790e-04
 -1.47589400e-04 -1.70604000e-03 8.72155010e-04
 5.09095200e-04 -2.09665300e-03 1.15528280e-03
 1.24176130e-03 -2.58631450e-03 1.39228020e-03
 1.95465240e-03 -2.81167220e-03 1.55171440e-03
 2.63496000e-03 -2.72854840e-03 1.62973120e-03
 3.30334200e-03 -2.53626700e-03 1.61707940e-03
 3.98584690e-03 -2.34139500e-03 1.50073050e-03
 4.67980890e-03 -2.07886430e-03 1.29467620e-03
 5.35615810e-03 -1.68649920e-03 1.05653250e-03
 5.91894380e-03 -1.18254210e-03 8.45469650e-04
 6.26571430e-03 -6.67513930e-04 6.74763580e-04
 6.36043350e-03 -2.42583560e-04 5.25856800e-04
 6.26723330e-03 3.77382420e-05 3.82837810e-04
 6.08170540e-03 1.42722300e-04 2.70857100e-04
 5.81803220e-03 1.00251660e-04 2.09552350e-04
 5.40281040e-03 1.44271650e-04 1.78714460e-04
 4.76904820e-03 4.64163280e-04 1.45458030e-04
 3.99370350e-03 8.64611820e-04 9.85370130e-05
 3.26335690e-03 9.35150600e-04 5.56883720e-05
 2.67726560e-03 6.78696440e-04 2.92782990e-05
 2.15084270e-03 4.75252690e-04 9.59923180e-06
 1.63824570e-03 5.34109250e-04 -6.91706280e-06
 1.19298410e-03 7.09977820e-04 -6.66217690e-06
 8.66249960e-04 8.08951440e-04 3.39711390e-06
 6.99253230e-04 7.54080310e-04 2.48408710e-05
 6.88900070e-04 6.16894630e-04 7.06238570e-05
 7.72448550e-04 5.45796820e-04 1.54292050e-04
 8.70711640e-04 6.03531890e-04 2.65465410e-04
 9.58153980e-04 7.61300670e-04 3.73309220e-04
 1.03318230e-03 9.91403820e-04 4.67479960e-04
 1.16796120e-03 1.20208520e-03 5.69330120e-04
 1.41723080e-03 1.19515180e-03 7.07770120e-04
 1.75504110e-03 9.41762470e-04 8.75274650e-04
 2.07980980e-03 7.66913230e-04 1.03267620e-03
 2.32180160e-03 9.30190440e-04 1.14667650e-03
 2.52386070e-03 1.25173290e-03 1.22163060e-03
 2.76150370e-03 1.38474100e-03 1.27928910e-03
 3.02161600e-03 1.25541260e-03 1.33461210e-03
 3.22331440e-03 9.82698290e-04 1.37145840e-03
 3.30864500e-03 6.91945490e-04 1.36999670e-03
 3.22282900e-03 5.24379430e-04 1.32282600e-03
 2.93760210e-03 5.97755080e-04 1.21680930e-03
 2.48415810e-03 7.86913090e-04 1.05728100e-03
 1.97010950e-03 7.69819720e-04 8.92286130e-04
 1.50211890e-03 3.93366500e-04 7.83073660e-04
 1.10605520e-03 -9.02231330e-05 7.32687650e-04
 7.44300310e-04 -2.98081810e-04 7.03462400e-04
 4.26814130e-04 -2.16018710e-04 6.79885390e-04
 2.43819710e-04 -1.59856240e-04 6.89409850e-04
 2.39324760e-04 -3.44217520e-04 7.56716940e-04
 3.47207770e-04 -6.29889900e-04 8.67708000e-04
 4.42149760e-04 -7.43958980e-04 9.74137160e-04
 4.63740670e-04 -6.39388050e-04 1.04501100e-03
 4.18014590e-04 -4.28524480e-04 1.08586210e-03
 3.04922290e-04 -1.11413440e-04 1.10834300e-03
 1.50762220e-04 2.50406180e-04 1.12992840e-03
 4.69701120e-05 3.88436340e-04 1.16285790e-03
 3.14045940e-05 2.60667530e-04 1.19443850e-03
 -1.09576980e-05 2.60554340e-04 1.19628090e-03
 -1.74919260e-04 6.70702200e-04 1.15440420e-03
 -4.00296790e-04 1.24092730e-03 1.08843460e-03
 -5.58095690e-04 1.54953040e-03 1.03211340e-03
 -6.16002600e-04 1.52387380e-03 9.98293280e-04
 -6.06570160e-04 1.40674160e-03 9.71890580e-04
 -5.63124140e-04 1.40682890e-03 9.30198120e-04
 -5.03664430e-04 1.51665750e-03 8.54869780e-04
 -4.41514190e-04 1.67057440e-03 7.54198870e-04
 -3.88967510e-04 1.85419210e-03 6.52955610e-04
 -3.37098670e-04 2.03843760e-03 5.65332240e-04
 -2.73014860e-04 2.16387610e-03 4.90721610e-04
 -1.84662410e-04 2.22273590e-03 4.24836650e-04
 -1.24213660e-04 2.36707740e-03 3.52018600e-04
 -1.50251200e-04 2.72508110e-03 2.59170430e-04
 -2.30232210e-04 3.15948440e-03 1.62299400e-04
 -2.74286750e-04 3.42585730e-03 8.69576110e-05
 -2.50223990e-04 3.47264810e-03 4.44547370e-05
 -1.95810570e-04 3.44272890e-03 2.35763040e-05
 -1.49176270e-04 3.46734100e-03 5.75650710e-06
 -1.29813750e-04 3.57878350e-03 -2.26651300e-05
 -1.74973090e-04 3.77930140e-03 -6.78534710e-05
 -2.79437280e-04 3.99553400e-03 -1.25570190e-04
 -3.45716570e-04 4.07886780e-03 -1.76430080e-04
 -3.37598150e-04 4.02384620e-03 -2.12288010e-04
 -3.46369260e-04 4.02309280e-03 -2.55492490e-04
 -4.41271990e-04 4.20073420e-03 -3.22945180e-04
 -5.99119110e-04 4.49729800e-03 -4.07931720e-04
 -7.63023620e-04 4.75052280e-03 -4.90227830e-04
 -9.05939840e-04 4.84737010e-03 -5.57389930e-04
 -1.02102510e-03 4.78581200e-03 -6.13265670e-04
 -1.12499080e-03 4.66169700e-03 -6.70309470e-04
 -1.25683410e-03 4.59244200e-03 -7.38048110e-04
 -1.42877500e-03 4.62333580e-03 -8.10509140e-04
 -1.62338900e-03 4.69246550e-03 -8.76639100e-04
 -1.79823360e-03 4.66150460e-03 -9.28634540e-04
 -1.91024410e-03 4.40990130e-03 -9.58337270e-04
 -1.94837690e-03 3.95758450e-03 -9.55638300e-04
 -1.96978520e-03 3.48975460e-03 -9.25949830e-04
 -2.01976560e-03 3.13223220e-03 -8.82052180e-04
 -2.07858250e-03 2.82558800e-03 -8.35516020e-04
 -2.10983930e-03 2.44145300e-03 -7.81203330e-04
 -2.08527290e-03 1.92161540e-03 -7.05771790e-04
 -1.98879230e-03 1.28672820e-03 -5.98882440e-04
 -1.85091230e-03 6.16003000e-04 -4.66587660e-04
 -1.72536810e-03 1.04075010e-05 -3.26851350e-04
 -1.61891300e-03 -5.11275660e-04 -1.92039980e-04
 -1.50212280e-03 -1.00273270e-03 -6.26702240e-05
 -1.35718840e-03 -1.49020180e-03 6.19734130e-05
 -1.18004120e-03 -1.96487010e-03 1.82133280e-04
 -9.82089550e-04 -2.41304050e-03 2.99617040e-04
 -7.87625550e-04 -2.78624960e-03 4.09051460e-04
 -6.08242580e-04 -3.04812450e-03 5.01802190e-04
 -4.32529310e-04 -3.21875070e-03 5.76733320e-04
 -2.50468870e-04 -3.34665690e-03 6.33015060e-04
 -5.97686740e-05 -3.45848500e-03 6.68747530e-04
 1.33287290e-04 -3.53659080e-03 6.86404530e-04
 3.21222850e-04 -3.54950710e-03 6.96571600e-04
 4.89310890e-04 -3.47092930e-03 7.05830400e-04
 6.26380210e-04 -3.31256260e-03 7.08566220e-04
 7.43045360e-04 -3.14223460e-03 6.98910330e-04
 8.45867500e-04 -2.99650970e-03 6.76066910e-04
 9.35459630e-04 -2.84623350e-03 6.44596290e-04
 1.01160690e-03 -2.66718720e-03 6.09479320e-04
 1.06896560e-03 -2.45764850e-03 5.72060760e-04
 1.09190950e-03 -2.21823970e-03 5.25902840e-04
 1.07919450e-03 -1.95971220e-03 4.70648140e-04
 1.03397140e-03 -1.69837110e-03 4.05568130e-04
 9.60037050e-04 -1.44288700e-03 3.27736550e-04
 8.61701210e-04 -1.18791250e-03 2.39766440e-04
 7.48747200e-04 -9.29900910e-04 1.49070900e-04
 6.29019340e-04 -6.76581990e-04 5.91262870e-05
 5.05314790e-04 -4.35259510e-04 -2.91455740e-05
 3.82259980e-04 -2.13360840e-04 -1.14250870e-04
 2.66751910e-04 -2.30701590e-05 -1.94542070e-04
 1.67573220e-04 1.28881090e-04 -2.67378460e-04
 8.96745480e-05 2.43749800e-04 -3.29736010e-04
 3.25658730e-05 3.28573600e-04 -3.78986440e-04
 -9.73355050e-06 3.87412870e-04 -4.16013880e-04
 -4.06560210e-05 4.16244290e-04 -4.42868100e-04
 -5.92248620e-05 4.08558380e-04 -4.59799250e-04
 -6.61053930e-05 3.66221740e-04 -4.66262340e-04
 -6.61267190e-05 3.00321900e-04 -4.62539320e-04
 -6.39297800e-05 2.22388760e-04 -4.49102780e-04
 -5.99542980e-05 1.35361290e-04 -4.26974060e-04
 -5.30461880e-05 3.87771400e-05 -3.97291670e-04
 -4.31739100e-05 -6.38997080e-05 -3.61004960e-04
 -2.99393250e-05 -1.67392490e-04 -3.18468370e-04
 -1.51835360e-05 -2.65806540e-04 -2.70981720e-04
 -4.78224760e-07 -3.54989520e-04 -2.20324320e-04
 1.49241040e-05 -4.32342410e-04 -1.67865740e-04
 3.13665480e-05 -4.97822880e-04 -1.15308530e-04
 4.89774070e-05 -5.48621230e-04 -6.42836240e-05
 6.80051820e-05 -5.82757990e-04 -1.61699520e-05
 8.77557760e-05 -6.01408360e-04 2.71300580e-05
 1.07344970e-04 -6.06540300e-04 6.38814740e-05
 1.25648440e-04 -5.98352520e-04 9.30270620e-05
 1.42465490e-04 -5.78724720e-04 1.14552940e-04
 1.57381740e-04 -5.50877360e-04 1.28435600e-04
 1.69899970e-04 -5.17766520e-04 1.34962830e-04
 1.79969970e-04 -4.81198190e-04 1.35093530e-04
 1.87370450e-04 -4.42763060e-04 1.29494380e-04
 1.92089730e-04 -4.03688170e-04 1.18908530e-04
 1.94045070e-04 -3.64516480e-04 1.04441050e-04
 1.93008790e-04 -3.25808420e-04 8.69885840e-05
 1.88724020e-04 -2.88632930e-04 6.76334460e-05
 1.81330150e-04 -2.53553940e-04 4.71841270e-05
 1.70804590e-04 -2.21064590e-04 2.66482690e-05
 1.57499640e-04 -1.91523810e-04 7.25877360e-06
 1.42262300e-04 -1.64649350e-04 -9.65314480e-06
 1.25770810e-04 -1.40824520e-04 -2.31650120e-05
 1.08416850e-04 -1.19454390e-04 -3.26832670e-05
 9.06860730e-05 -1.00290530e-04 -3.82676370e-05
 7.32196490e-05 -8.32327350e-05 -4.01996150e-05
 5.67835670e-05 -6.80450100e-05 -3.86459320e-05
 4.23966890e-05 -5.51057310e-05 -3.52890460e-05
 3.01353630e-05 -4.42532550e-05 -3.06283440e-05
 2.02628340e-05 -3.52394850e-05 -2.52590340e-05
 1.28319580e-05 -2.78465800e-05 -1.98792100e-05
 7.41875330e-06 -2.19611700e-05 -1.51312640e-05
 3.67791990e-06 -1.69798970e-05 -1.08266450e-05
 1.53718430e-06 -1.30833100e-05 -7.37380150e-06
 5.00554560e-07 -1.01582480e-05 -4.82871610e-06
 6.64741080e-08 -7.99009010e-06 -3.03536190e-06
 9.06165670e-08 -6.49526050e-06 -1.90020560e-06
 2.41846520e-07 -5.28603600e-06 -1.30166800e-06
 3.47090690e-07 -4.24844300e-06 -1.08274950e-06
 3.71820220e-07 -3.30928330e-06 -1.01734520e-06
 3.33675790e-07 -2.44529360e-06 -9.43497410e-07
