 4.53618130e-07 3.73132880e-07 -2.86927670e-07
 2.64127010e-07 3.07165950e-07 -3.82857820e-07
 3.47135090e-08 2.40347420e-07 -4.74251320e-07
 -2.11833350e-07 1.90664980e-07 -5.54547110e-07
 -4.53754070e-07 1.68928150e-07 -6.20212120e-07
 -6.73653400e-07 1.77131570e-07 -6.72815470e-07
 -8.71940070e-07 2.10253830e-07 -7.10629990e-07
 -1.05077900e-06 2.53841420e-07 -7.34186020e-07
 -1.22187070e-06 2.89627930e-07 -7.44725410e-07
 -1.39950200e-06 2.99984690e-07 -7.39886160e-07
 -1.58983950e-06 2.70960670e-07 -7.10217760e-07
 -1.77675820e-06 1.98503440e-07 -6.43979260e-07
 -1.93067330e-06 8.18637890e-08 -5.21125400e-07
 -1.99900250e-06 -8.45804140e-08 -3.10756430e-07
 -1.91320190e-06 -3.20910150e-07 4.16002270e-08
 -1.58229010e-06 -6.75892860e-07 6.39831000e-07
 -8.50047570e-07 -1.25255140e-06 1.68807320e-06
 5.61011970e-07 -2.25447770e-06 3.57476260e-06
 3.16860040e-06 -4.06486560e-06 7.03803700e-06
 7.96713900e-06 -7.40073440e-06 1.34671690e-05
 1.68465250e-05 -1.36014440e-05 2.54579150e-05
 3.33626590e-05 -2.51763190e-05 4.78768230e-05
 6.41804650e-05 -4.67986760e-05 8.98015710e-05
 1.21703220e-04 -8.70089060e-05 1.67892210e-04
 2.28636000e-04 -1.60375290e-04 3.10836830e-04
 4.24030090e-04 -2.87523960e-04 5.59957290e-04
 7.66807120e-04 -4.89676370e-04 9.58523950e-04
 1.33086860e-03 -7.81618180e-04 1.53506240e-03
 2.19200500e-03 -1.16983910e-03 2.29441580e-03
 3.41228440e-03 -1.65334170e-03 3.21775020e-03
 5.02642760e-03 -2.22259640e-03 4.26711280e-03
 7.03531040e-03 -2.86352520e-03 5.39895570e-03
 9.41913300e-03 -3.57073620e-03 6.58466340e-03
 1.21581490e-02 -4.34534950e-03 7.80776330e-03
 1.52328960e-02 -5.18342430e-03 9.05715020e-03
 1.86112040e-02 -6.06886530e-03 1.03193110e-02
 2.22517460e-02 -7.00726920e-03 1.16166190e-02
 2.61168540e-02 -8.01238230e-03 1.29759030e-02
 3.01428920e-02 -9.09198820e-03 1.44176290e-02
 3.42120230e-02 -1.02360170e-02 1.59334260e-02
 3.81324850e-02 -1.14233020e-02 1.74800750e-02
 4.16126470e-02 -1.26325350e-02 1.90029030e-02
 4.41817310e-02 -1.38280950e-02 2.04209180e-02
 4.50892670e-02 -1.50362770e-02 2.17225050e-02
 4.33184500e-02 -1.63099430e-02 2.28832790e-02
 3.77308650e-02 -1.76454390e-02 2.37807560e-02
 2.71440280e-02 -1.90482360e-02 2.43166160e-02
 1.06042590e-02 -2.06094700e-02 2.44822000e-02
 -1.19711630e-02 -2.23723850e-02 2.42486500e-02
 -3.90193460e-02 -2.41969080e-02 2.35706720e-02
 -6.80485520e-02 -2.59073250e-02 2.25370970e-02
 -9.73912180e-02 -2.73950680e-02 2.12014040e-02
 -1.23694700e-01 -2.84867600e-02 1.96905830e-02
 -1.41908000e-01 -2.90097950e-02 1.83498260e-02
 -1.50562200e-01 -2.90532950e-02 1.73579770e-02
 -1.52739500e-01 -2.88206490e-02 1.64314100e-02
 -1.51385100e-01 -2.83214900e-02 1.51982160e-02
 -1.46059700e-01 -2.74531390e-02 1.37679030e-02
 -1.36331600e-01 -2.63425190e-02 1.23061450e-02
 -1.23011700e-01 -2.51875870e-02 1.07261690e-02
 -1.08622800e-01 -2.40481400e-02 8.95421210e-03
 -9.34946760e-02 -2.26575250e-02 7.12169380e-03
 -7.66103490e-02 -2.08858510e-02 5.42021920e-03
 -5.80563770e-02 -1.88854000e-02 3.90879810e-03
 -3.96205040e-02 -1.67642250e-02 2.69832300e-03
 -2.22367680e-02 -1.44597810e-02 1.81146270e-03
 -5.99853600e-03 -1.20130770e-02 1.20015430e-03
 8.11972660e-03 -9.84900440e-03 8.57441800e-04
 1.90682220e-02 -8.12289860e-03 6.60664460e-04
 2.68310180e-02 -6.70862800e-03 4.07163200e-04
 3.12006920e-02 -5.57680850e-03 -2.58885700e-05
 3.21207050e-02 -4.65220310e-03 -6.06816960e-04
 3.05425920e-02 -3.88909760e-03 -1.21027430e-03
 2.77963580e-02 -3.21256840e-03 -1.63089340e-03
 2.46928610e-02 -2.52962860e-03 -1.62042510e-03
 2.13859660e-02 -1.99430900e-03 -1.18966320e-03
 1.79066380e-02 -1.73052940e-03 -6.21896990e-04
 1.45623900e-02 -1.60240140e-03 2.05826560e-05
 1.18800050e-02 -1.41206850e-03 7.82803690e-04
 1.01135010e-02 -1.09199000e-03 1.67582780e-03
 8.95293990e-03 -8.87223870e-04 2.70605690e-03
 8.20413880e-03 -1.13260400e-03 3.63451340e-03
 7.86220840e-03 -1.78539290e-03 4.17501810e-03
 7.75356500e-03 -2.35132030e-03 4.50955150e-03
 7.53751630e-03 -2.73190760e-03 4.88297730e-03
 7.00151130e-03 -3.39469450e-03 5.12601900e-03
 5.83474800e-03 -4.55135290e-03 4.95414020e-03
 4.05446070e-03 -5.79243670e-03 4.30623950e-03
 2.06656820e-03 -6.76751840e-03 3.38308300e-03
 1.85312220e-05 -7.52870550e-03 2.46323810e-03
 -2.29508710e-03 -8.34471360e-03 1.65600690e-03
 -4.75836640e-03 -9.38157090e-03 7.87209310e-04
 -7.06141670e-03 -1.05943590e-02 -3.42695710e-04
 -9.00072140e-03 -1.15127040e-02 -1.60346980e-03
 -1.05711790e-02 -1.16765590e-02 -2.58073720e-03
 -1.19629830e-02 -1.13857750e-02 -3.11769450e-03
 -1.33274550e-02 -1.14385620e-02 -3.54956110e-03
 -1.44507040e-02 -1.18799690e-02 -4.14923490e-03
 -1.49843870e-02 -1.18474940e-02 -4.71317630e-03
 -1.50458080e-02 -1.09600430e-02 -4.94366740e-03
 -1.50464440e-02 -9.86293240e-03 -4.87336610e-03
 -1.50281370e-02 -9.19112750e-03 -4.80540190e-03
 -1.46382780e-02 -8.65423770e-03 -4.88134660e-03
 -1.36760870e-02 -7.66644810e-03 -5.00714640e-03
 -1.24179950e-02 -6.15837190e-03 -5.02963180e-03
 -1.12896500e-02 -4.50521940e-03 -4.82676410e-03
 -1.01241590e-02 -2.95495170e-03 -4.46515250e-03
 -8.38751720e-03 -1.66327630e-03 -4.28750370e-03
 -5.96860280e-03 -6.04703610e-04 -4.43362260e-03
 -3.35573170e-03 5.07672260e-04 -4.57058100e-03
 -1.00890870e-03 1.89192650e-03 -4.41059280e-03
 1.01864310e-03 3.24766220e-03 -4.11283690e-03
 2.96133570e-03 3.99876530e-03 -4.02649630e-03
 5.02157030e-03 4.15827890e-03 -4.21812710e-03
 6.93285140e-03 4.35977990e-03 -4.40138530e-03
 8.24210420e-03 4.96126390e-03 -4.34432130e-03
 8.98285960e-03 5.61951150e-03 -4.14191330e-03
 9.69527290e-03 5.97313650e-03 -3.99213520e-03
 1.07043710e-02 6.07933760e-03 -3.92708600e-03
 1.17067170e-02 6.05748690e-03 -3.77821760e-03
 1.22764830e-02 5.99569270e-03 -3.47811730e-03
 1.23807150e-02 6.12191760e-03 -3.15860820e-03
 1.21922740e-02 6.35597580e-03 -2.93251500e-03
 1.18711130e-02 6.16095730e-03 -2.77891800e-03
 1.15916160e-02 5.33527650e-03 -2.64603270e-03
 1.13312430e-02 4.26340660e-03 -2.46238310e-03
 1.09158170e-02 3.34678470e-03 -2.20660310e-03
 1.02920250e-02 2.60668920e-03 -1.94159860e-03
 9.64499260e-03 1.84610250e-03 -1.70431360e-03
 9.21057160e-03 7.97114630e-04 -1.46769450e-03
 9.04920230e-03 -6.37358810e-04 -1.20615350e-03
 9.02962500e-03 -2.04571450e-03 -9.51119990e-04
 8.91091490e-03 -2.86034150e-03 -7.22748400e-04
 8.60356910e-03 -3.12023490e-03 -4.94768440e-04
 8.36230160e-03 -3.40099540e-03 -2.70216550e-04
 8.42325860e-03 -3.99988000e-03 -8.65314720e-05
 8.75574160e-03 -4.62489760e-03 5.56051600e-05
 9.17202330e-03 -4.86348990e-03 1.66498310e-04
 9.49443690e-03 -4.53489510e-03 2.21610620e-04
 9.66677350e-03 -3.76221910e-03 2.32121940e-04
 9.78407170e-03 -2.85370830e-03 2.54147050e-04
 9.92216450e-03 -2.06051810e-03 3.10431930e-04
 1.00497850e-02 -1.39685880e-03 3.44277510e-04
 9.99333240e-03 -5.80387360e-04 3.14053060e-04
 9.55821670e-03 6.38115510e-04 2.74882770e-04
 8.82439220e-03 2.01926310e-03 2.72144620e-04
 8.13047490e-03 3.00707970e-03 2.68099740e-04
 7.68886830e-03 3.46304660e-03 2.36438470e-04
 7.28671670e-03 3.91484100e-03 2.17769090e-04
 6.71587090e-03 4.78614540e-03 2.25785620e-04
 6.04013450e-03 5.84497580e-03 2.32224830e-04
 5.40867450e-03 6.75463350e-03 2.34400130e-04
 4.82154170e-03 7.48865450e-03 2.74278220e-04
 4.24187440e-03 7.98257630e-03 3.58789810e-04
 3.60722300e-03 8.20488480e-03 4.58862280e-04
 2.76692680e-03 8.45010300e-03 5.28150300e-04
 1.61026780e-03 8.98179510e-03 5.53973600e-04
 3.03168320e-04 9.52453350e-03 5.58838710e-04
 -8.89165390e-04 9.66365080e-03 5.58506230e-04
 -1.90468170e-03 9.38630100e-03 5.25465530e-04
 -2.77478900e-03 8.94257050e-03 4.28924160e-04
 -3.47685580e-03 8.44019840e-03 2.92592360e-04
 -3.99172120e-03 7.85872710e-03 1.61594330e-04
 -4.30693100e-03 7.16771280e-03 5.70803130e-05
 -4.43855950e-03 6.39277000e-03 -1.57223950e-05
 -4.44839010e-03 5.58256780e-03 -6.02394100e-05
 -4.36548660e-03 4.77895420e-03 -8.37607150e-05
 -4.21094940e-03 4.00465400e-03 -7.64453070e-05
 -4.02585180e-03 3.28953490e-03 -2.67465440e-05
 -3.85076860e-03 2.67936990e-03 5.53310860e-05
 -3.70424050e-03 2.18925530e-03 1.55461310e-04
 -3.57904520e-03 1.78486800e-03 2.63139980e-04
 -3.44127530e-03 1.42187790e-03 3.76683660e-04
 -3.28088900e-03 1.06363800e-03 5.08687230e-04
 -3.11205790e-03 7.10173450e-04 6.56770480e-04
 -2.93647680e-03 4.01213910e-04 8.02220780e-04
 -2.72513090e-03 1.47712160e-04 9.36004800e-04
 -2.44335990e-03 -7.65937880e-05 1.05438030e-03
 -2.07880490e-03 -2.92520970e-04 1.15322250e-03
 -1.58700700e-03 -5.15586170e-04 1.23629070e-03
 -9.37019420e-04 -7.35271430e-04 1.29103890e-03
 -1.61945690e-04 -9.11265320e-04 1.31008110e-03
 7.17819610e-04 -1.02176770e-03 1.30530280e-03
 1.64477390e-03 -1.06879250e-03 1.27795780e-03
 2.46517640e-03 -1.06361210e-03 1.22811630e-03
 3.06407780e-03 -1.01839490e-03 1.16523190e-03
 3.38802020e-03 -9.43082500e-04 1.09036380e-03
 3.39128450e-03 -8.45884960e-04 1.00918140e-03
 3.12437820e-03 -7.36717080e-04 9.33714440e-04
 2.71289120e-03 -6.17612210e-04 8.59586990e-04
 2.20331390e-03 -4.94995150e-04 7.87117340e-04
 1.67262980e-03 -3.68693090e-04 7.23601670e-04
 1.22270230e-03 -2.41914530e-04 6.65256700e-04
 8.62887590e-04 -1.40035260e-04 6.12654370e-04
 5.81016710e-04 -6.77514760e-05 5.72374270e-04
 3.57949870e-04 -1.55853190e-05 5.38818360e-04
 1.49532880e-04 1.45944180e-05 5.06563990e-04
 -5.29677820e-05 3.05014730e-05 4.78279950e-04
 -2.48001070e-04 4.33794480e-05 4.49926800e-04
 -4.32245380e-04 5.33554990e-05 4.20207130e-04
 -5.75613460e-04 5.96934370e-05 4.01017370e-04
 -6.69011610e-04 5.81986930e-05 3.90881440e-04
 -7.09967050e-04 4.63936120e-05 3.82778230e-04
 -6.95451740e-04 2.97063070e-05 3.78768540e-04
 -6.54768660e-04 6.29838500e-06 3.77489600e-04
 -5.87243180e-04 -2.47594340e-05 3.76576940e-04
 -4.85286320e-04 -5.58565920e-05 3.77699500e-04
 -3.81002030e-04 -8.86292330e-05 3.75310050e-04
 -2.82683120e-04 -1.19053200e-04 3.63198600e-04
 -1.83009540e-04 -1.42310700e-04 3.45687500e-04
 -9.26091230e-05 -1.64051540e-04 3.22778010e-04
 -8.93723610e-06 -1.82802400e-04 2.91031260e-04
 5.58496540e-05 -1.93116390e-04 2.54182990e-04
 8.11159770e-05 -1.98587660e-04 2.14522380e-04
 7.64698200e-05 -2.00751210e-04 1.72923830e-04
 4.07185910e-05 -1.99865590e-04 1.29346440e-04
 -3.73050830e-05 -1.99469800e-04 8.08509360e-05
 -1.34295420e-04 -1.98806200e-04 2.97746500e-05
 -2.25043300e-04 -1.95274100e-04 -1.80308600e-05
 -2.96773800e-04 -1.91483590e-04 -5.98892470e-05
 -3.32259980e-04 -1.85951690e-04 -9.33336630e-05
 -3.28070860e-04 -1.78819810e-04 -1.17270820e-04
 -3.02647740e-04 -1.79684270e-04 -1.33917590e-04
 -2.65213780e-04 -1.89500220e-04 -1.43698460e-04
 -2.25575100e-04 -2.00031460e-04 -1.45028870e-04
 -1.98259980e-04 -2.13312890e-04 -1.39611760e-04
 -1.84935560e-04 -2.33716450e-04 -1.31046120e-04
 -1.81045810e-04 -2.54774030e-04 -1.19839780e-04
 -1.78032180e-04 -2.71480680e-04 -1.05141560e-04
 -1.69456720e-04 -2.87006200e-04 -8.89837540e-05
 -1.54729960e-04 -2.96681540e-04 -7.33677230e-05
 -1.31205440e-04 -2.97874970e-04 -5.90068230e-05
 -9.88788890e-05 -2.97535240e-04 -4.82743380e-05
 -6.39157590e-05 -2.96697950e-04 -4.28121600e-05
 -3.33285930e-05 -2.90405990e-04 -4.14348800e-05
 -1.57738010e-05 -2.83077390e-04 -4.42261880e-05
 -1.73202100e-05 -2.80272480e-04 -5.22427400e-05
 -3.37720410e-05 -2.76215290e-04 -6.42268930e-05
 -6.25078900e-05 -2.68392210e-04 -7.87613750e-05
 -1.04920650e-04 -2.65171840e-04 -9.50937320e-05
 -1.54816560e-04 -2.64197180e-04 -1.11600800e-04
 -2.08466680e-04 -2.60378700e-04 -1.27607580e-04
 -2.65887850e-04 -2.59845690e-04 -1.43191120e-04
 -3.26002220e-04 -2.62919580e-04 -1.57754050e-04
 -3.90499040e-04 -2.66482440e-04 -1.71492760e-04
 -4.55136380e-04 -2.74728900e-04 -1.84392110e-04
 -5.10910410e-04 -2.86323890e-04 -1.95381380e-04
 -5.53810040e-04 -2.92958340e-04 -2.04343830e-04
 -5.80831780e-04 -2.93780230e-04 -2.10881830e-04
 -5.90321380e-04 -2.93424350e-04 -2.13925040e-04
 -5.84667370e-04 -2.92660140e-04 -2.13796580e-04
 -5.66617060e-04 -2.90813330e-04 -2.11029630e-04
 -5.42270080e-04 -2.91410780e-04 -2.05361710e-04
 -5.18185550e-04 -2.94663360e-04 -1.97459450e-04
 -4.94568840e-04 -2.97834460e-04 -1.87952860e-04
 -4.70573320e-04 -3.03187060e-04 -1.77443070e-04
 -4.47161350e-04 -3.12206280e-04 -1.67256470e-04
 -4.23636780e-04 -3.22011620e-04 -1.57988400e-04
 -3.96005400e-04 -3.30512820e-04 -1.49155090e-04
 -3.61524060e-04 -3.38032550e-04 -1.40964140e-04
 -3.19352370e-04 -3.45186510e-04 -1.33809330e-04
 -2.71152730e-04 -3.52506530e-04 -1.27770180e-04
 -2.21440220e-04 -3.59367670e-04 -1.22809420e-04
 -1.74103680e-04 -3.64320210e-04 -1.18810040e-04
 -1.32499420e-04 -3.62484400e-04 -1.15556400e-04
 -9.94302320e-05 -3.51776630e-04 -1.12657440e-04
 -7.46614170e-05 -3.32949300e-04 -1.09972700e-04
 -5.43523460e-05 -3.08109710e-04 -1.07524170e-04
 -3.55730630e-05 -2.80542440e-04 -1.04917260e-04
 -1.84700880e-05 -2.52706170e-04 -1.02440090e-04
 -4.83328990e-06 -2.25724960e-04 -1.00648810e-04
 4.29038620e-06 -1.99802320e-04 -9.91841370e-05
 1.14094480e-05 -1.76096680e-04 -9.78185050e-05
 1.74390570e-05 -1.56660560e-04 -9.64927530e-05
 2.11674110e-05 -1.40183630e-04 -9.49491730e-05
 2.07901140e-05 -1.25294590e-04 -9.34087070e-05
 1.73707430e-05 -1.12846410e-04 -9.19412340e-05
 1.33478250e-05 -1.01885740e-04 -9.04340850e-05
 9.81456560e-06 -9.20803210e-05 -8.91250380e-05
 7.29943800e-06 -8.56559850e-05 -8.79692160e-05
 4.72365540e-06 -8.29521740e-05 -8.69044740e-05
 1.83826800e-06 -8.26826510e-05 -8.59068310e-05
 -4.72692910e-09 -8.34670720e-05 -8.45239560e-05
 -2.02498840e-06 -8.44326060e-05 -8.27649860e-05
 -5.59206860e-06 -8.47913910e-05 -8.09045090e-05
 -1.05348650e-05 -8.39296920e-05 -7.86474480e-05
 -1.62300780e-05 -8.18100740e-05 -7.59570980e-05
 -2.13699510e-05 -7.86082960e-05 -7.27990050e-05
 -2.59056670e-05 -7.39037790e-05 -6.87151700e-05
 -3.00802130e-05 -6.78020660e-05 -6.38647980e-05
 -3.36732990e-05 -6.15441970e-05 -5.86508580e-05
 -3.68745970e-05 -5.60490730e-05 -5.31376680e-05
 -4.06085490e-05 -5.12030310e-05 -4.76745340e-05
 -4.49226460e-05 -4.62707430e-05 -4.25097060e-05
 -5.00990210e-05 -4.07295960e-05 -3.76064240e-05
 -5.54624530e-05 -3.48538090e-05 -3.31053270e-05
 -6.00370950e-05 -2.92597650e-05 -2.89888630e-05
 -6.43426540e-05 -2.45294850e-05 -2.51204640e-05
 -6.77874780e-05 -2.17943090e-05 -2.16657970e-05
 -6.99657180e-05 -2.06596940e-05 -1.85970420e-05
 -7.15494390e-05 -2.02480190e-05 -1.57369940e-05
 -7.22258560e-05 -2.10081670e-05 -1.31277940e-05
 -7.18928930e-05 -2.25838680e-05 -1.07340680e-05
 -7.08056980e-05 -2.42817060e-05 -8.54122570e-06
 -6.88909710e-05 -2.62030940e-05 -6.67038010e-06
 -6.68793870e-05 -2.72489290e-05 -5.04413670e-06
 -6.52384190e-05 -2.69383950e-05 -3.55531730e-06
 -6.35015390e-05 -2.63187890e-05 -2.21252910e-06
 -6.17803020e-05 -2.50367250e-05 -9.45938890e-07
 -5.99116430e-05 -2.29935450e-05 2.98515370e-07
 -5.74312140e-05 -2.15017540e-05 1.52415150e-06
 -5.47209670e-05 -2.02619850e-05 2.83370290e-06
 -5.16754190e-05 -1.90300710e-05 4.30537780e-06
 -4.79399280e-05 -1.84815130e-05 5.84786630e-06
 -4.37583950e-05 -1.81320790e-05 7.36264470e-06
 -3.95672400e-05 -1.73129430e-05 8.75470690e-06
 -3.54884540e-05 -1.65875430e-05 9.97762070e-06
 -3.16328150e-05 -1.54603880e-05 1.10399120e-05
 -2.76816170e-05 -1.43476090e-05 1.18928780e-05
 -2.37235330e-05 -1.38605140e-05 1.24829400e-05
 -1.99847710e-05 -1.37939000e-05 1.27642020e-05
 -1.62528010e-05 -1.43681930e-05 1.26638410e-05
 -1.27875160e-05 -1.55535800e-05 1.21930570e-05
 -1.00769380e-05 -1.66820120e-05 1.15035660e-05
 -8.01787970e-06 -1.79296790e-05 1.06691680e-05
 -6.60332030e-06 -1.94494060e-05 9.76259710e-06
 -5.89408500e-06 -2.01689330e-05 8.81566120e-06
 -5.67870120e-06 -1.99018410e-05 7.89640490e-06
 -5.60620170e-06 -1.90413500e-05 7.01273440e-06
 -5.57770500e-06 -1.73937240e-05 6.16676470e-06
 -5.39724850e-06 -1.52138580e-05 5.34466290e-06
 -5.03680210e-06 -1.29349490e-05 4.56579300e-06
 -4.72757760e-06 -1.05554220e-05 3.85100520e-06
 -4.41597060e-06 -8.46394870e-06 3.21853330e-06
 -4.03639710e-06 -7.04487960e-06 2.70122860e-06
 -3.70002890e-06 -5.87968270e-06 2.28960310e-06
 -3.40465840e-06 -4.88181420e-06 1.96177140e-06
 -3.13101940e-06 -4.13362390e-06 1.68745950e-06
 -2.91340230e-06 -3.42226580e-06 1.45117910e-06
 -2.72057040e-06 -2.64659430e-06 1.24295340e-06
 -2.48446800e-06 -2.00568770e-06 1.05358920e-06
 -2.22905960e-06 -1.47475620e-06 8.70479430e-07
 -1.96415450e-06 -1.08031800e-06 7.17796810e-07
 -1.67893790e-06 -8.37637120e-07 5.87876400e-07
 -1.38402530e-06 -7.21294550e-07 4.82413330e-07
 -1.10855040e-06 -6.34521480e-07 4.07161680e-07
 -8.99649480e-07 -5.86484360e-07 3.53856790e-07
 -7.36725380e-07 -5.43554790e-07 3.04757290e-07
 -5.86889260e-07 -4.66167510e-07 2.59224410e-07
 -4.28238220e-07 -3.68357600e-07 2.16174190e-07
 -2.90478060e-07 -2.86268350e-07 1.72394380e-07
