 -1.17889260e-07 4.26168300e-07 2.41102270e-07
 -1.29014370e-07 4.59651460e-07 2.58102350e-07
 -1.41880760e-07 4.99291050e-07 2.71407260e-07
 -1.58497360e-07 5.48173720e-07 2.82783220e-07
 -1.79224670e-07 6.06113130e-07 2.92904730e-07
 -2.03009220e-07 6.73019490e-07 3.02831550e-07
 -2.30892430e-07 7.51201130e-07 3.13077780e-07
 -2.63839520e-07 8.44622950e-07 3.25534070e-07
 -3.05375550e-07 9.60174930e-07 3.43922210e-07
 -3.59555600e-07 1.10437300e-06 3.71636330e-07
 -4.27723820e-07 1.27644830e-06 4.09245080e-07
 -5.11275970e-07 1.47025490e-06 4.54716120e-07
 -6.06487560e-07 1.67182280e-06 5.03670780e-07
 -7.08594310e-07 1.86637390e-06 5.52480570e-07
 -8.12356460e-07 2.03877580e-06 5.98356680e-07
 -9.10988940e-07 2.17515640e-06 6.37293340e-07
 -9.99069470e-07 2.27434770e-06 6.67437800e-07
 -1.07416820e-06 2.33961920e-06 6.87147800e-07
 -1.13720510e-06 2.38715230e-06 6.97313450e-07
 -1.18951770e-06 2.43959990e-06 6.99853100e-07
 -1.23099950e-06 2.51646220e-06 6.95647150e-07
 -1.25956940e-06 2.64208550e-06 6.84730030e-07
 -1.27149380e-06 2.83557920e-06 6.62573770e-07
 -1.25831020e-06 3.09529330e-06 6.20627080e-07
 -1.21020350e-06 3.39955660e-06 5.50472630e-07
 -1.12177450e-06 3.72357750e-06 4.48089110e-07
 -9.89968380e-07 4.03507780e-06 3.13865000e-07
 -8.20163050e-07 4.31445050e-06 1.55977060e-07
 -6.23891590e-07 4.54649080e-06 -1.17976020e-08
 -4.15055550e-07 4.71805290e-06 -1.74325610e-07
 -2.06229530e-07 4.82003540e-06 -3.18408780e-07
 -7.52738670e-09 4.84366910e-06 -4.34810770e-07
 1.71759150e-07 4.79076560e-06 -5.16472820e-07
 3.24663890e-07 4.66852450e-06 -5.60442520e-07
 4.47741660e-07 4.48288710e-06 -5.68565380e-07
 5.39015790e-07 4.23748410e-06 -5.45188810e-07
 5.96533080e-07 3.94021710e-06 -4.96097580e-07
 6.11744890e-07 3.61107350e-06 -4.26111540e-07
 5.75959690e-07 3.27421320e-06 -3.44297890e-07
 4.86531410e-07 2.94192390e-06 -2.58637870e-07
 3.50429250e-07 2.60950330e-06 -1.64363840e-07
 1.87657850e-07 2.25444680e-06 -3.74859010e-08
 5.34454290e-08 1.83032420e-06 1.71112840e-07
 5.36018340e-08 1.25343760e-06 5.57961190e-07
 3.87280150e-07 3.79768810e-07 1.30727210e-06
 1.42116290e-06 -1.04820030e-06 2.75207620e-06
 3.81062860e-06 -3.49864190e-06 5.49012070e-06
 8.69862560e-06 -7.83245560e-06 1.05874300e-05
 1.80696410e-05 -1.56191020e-05 1.99263800e-05
 3.53224200e-05 -2.96771210e-05 3.67435530e-05
 6.60313890e-05 -5.49272080e-05 6.63345340e-05
 1.18649850e-04 -9.96349990e-05 1.16683400e-04
 2.04361030e-04 -1.76851870e-04 1.98238920e-04
 3.35207030e-04 -3.05288470e-04 3.21938980e-04
 5.20777770e-04 -5.08743110e-04 4.95777810e-04
 7.63960180e-04 -8.13468590e-04 7.20438900e-04
 1.05581440e-03 -1.24301350e-03 9.84228330e-04
 1.37320680e-03 -1.81065430e-03 1.26110040e-03
 1.68654530e-03 -2.51293160e-03 1.51891080e-03
 1.97539220e-03 -3.33045750e-03 1.73558100e-03
 2.23767990e-03 -4.23788280e-03 1.90902870e-03
 2.48567690e-03 -5.21580830e-03 2.05381700e-03
 2.73800290e-03 -6.25766580e-03 2.19199830e-03
 3.01382110e-03 -7.37140700e-03 2.34406350e-03
 3.31792400e-03 -8.57521410e-03 2.51296670e-03
 3.64058120e-03 -9.88513600e-03 2.68776810e-03
 3.97404560e-03 -1.13093600e-02 2.86634130e-03
 4.31900010e-03 -1.28522000e-02 3.06400050e-03
 4.67360070e-03 -1.45190620e-02 3.29994460e-03
 5.01516280e-03 -1.63116660e-02 3.57054760e-03
 5.31517530e-03 -1.82195050e-02 3.85503800e-03
 5.56073620e-03 -2.02256590e-02 4.13778520e-03
 5.74758510e-03 -2.23173690e-02 4.40943010e-03
 5.87486150e-03 -2.44871810e-02 4.67595360e-03
 5.94238660e-03 -2.67319940e-02 4.95440650e-03
 5.94987770e-03 -2.90487860e-02 5.25302630e-03
 5.91132000e-03 -3.14318610e-02 5.58274940e-03
 5.84849620e-03 -3.38773470e-02 5.96045280e-03
 5.77304330e-03 -3.63849290e-02 6.40422760e-03
 5.68217320e-03 -3.89587130e-02 6.93227860e-03
 5.55263370e-03 -4.15998700e-02 7.53763920e-03
 5.35654420e-03 -4.42917720e-02 8.19904260e-03
 5.07167680e-03 -4.69933380e-02 8.89548570e-03
 4.70293220e-03 -4.96319460e-02 9.62346610e-03
 4.30016690e-03 -5.20986430e-02 1.04133150e-02
 3.94320810e-03 -5.42297290e-02 1.12897350e-02
 3.74892590e-03 -5.57621750e-02 1.22612740e-02
 3.85968920e-03 -5.62789920e-02 1.33125590e-02
 4.38782200e-03 -5.51485230e-02 1.43623620e-02
 5.32016620e-03 -5.14486390e-02 1.52223270e-02
 6.41500300e-03 -4.39278930e-02 1.55387910e-02
 7.18697630e-03 -3.11412380e-02 1.48124680e-02
 7.06261680e-03 -1.18332070e-02 1.25588920e-02
 5.61914220e-03 1.45024170e-02 8.48977640e-03
 2.75620730e-03 4.70841600e-02 2.65274270e-03
 -1.26281610e-03 8.36048280e-02 -4.55088820e-03
 -5.87828500e-03 1.20776600e-01 -1.24902930e-02
 -1.04532060e-02 1.55793100e-01 -2.05654190e-02
 -1.46158280e-02 1.87275400e-01 -2.84577380e-02
 -1.82931760e-02 2.14148200e-01 -3.59912890e-02
 -2.14257870e-02 2.34298600e-01 -4.28207700e-02
 -2.39205040e-02 2.45297800e-01 -4.84814530e-02
 -2.56675370e-02 2.45480000e-01 -5.25016370e-02
 -2.63256800e-02 2.33677400e-01 -5.42725440e-02
 -2.54176370e-02 2.09577100e-01 -5.31723980e-02
 -2.27858460e-02 1.75235900e-01 -4.90651430e-02
 -1.87026770e-02 1.35672500e-01 -4.25605140e-02
 -1.37961840e-02 9.72558330e-02 -3.48378230e-02
 -8.92606660e-03 6.37841520e-02 -2.69495140e-02
 -4.71771420e-03 3.55802400e-02 -1.93994160e-02
 -1.27349620e-03 1.19825840e-02 -1.23592680e-02
 1.51302600e-03 -6.81237130e-03 -6.06577050e-03
 3.70391780e-03 -2.10149470e-02 -7.22316330e-04
 5.42975780e-03 -3.20135020e-02 3.73247150e-03
 6.89327620e-03 -4.06562690e-02 7.38667840e-03
 8.18927030e-03 -4.68229470e-02 1.02100900e-02
 9.26696700e-03 -5.06376620e-02 1.22565050e-02
 1.00714680e-02 -5.25973030e-02 1.37229070e-02
 1.04952030e-02 -5.31538870e-02 1.48220450e-02
 1.04550100e-02 -5.26767300e-02 1.56810620e-02
 1.00473230e-02 -5.17711230e-02 1.63524170e-02
 9.43913120e-03 -5.09967880e-02 1.68364120e-02
 8.76828380e-03 -5.04778850e-02 1.70849320e-02
 8.16510990e-03 -5.03705440e-02 1.70774870e-02
 7.66999090e-03 -5.08248880e-02 1.68236230e-02
 7.20445250e-03 -5.15783320e-02 1.63140390e-02
 6.71189420e-03 -5.23711820e-02 1.55663800e-02
 6.17564940e-03 -5.30840530e-02 1.46212660e-02
 5.57755030e-03 -5.35331850e-02 1.35037790e-02
 4.91989400e-03 -5.36727870e-02 1.22761440e-02
 4.22820360e-03 -5.34898560e-02 1.10374580e-02
 3.52263710e-03 -5.27530870e-02 9.83010140e-03
 2.84547680e-03 -5.14088270e-02 8.66976190e-03
 2.23872160e-03 -4.96230830e-02 7.58892480e-03
 1.69896950e-03 -4.73650250e-02 6.61667580e-03
 1.24597910e-03 -4.46442400e-02 5.76573100e-03
 9.19469750e-04 -4.17083170e-02 5.04365980e-03
 7.01204180e-04 -3.86236980e-02 4.44486880e-03
 5.22789080e-04 -3.52901290e-02 3.96147980e-03
 3.57129810e-04 -3.17624320e-02 3.59165760e-03
 2.20899250e-04 -2.81847310e-02 3.31114580e-03
 1.17976070e-04 -2.47249940e-02 3.08800140e-03
 3.22319430e-05 -2.15247720e-02 2.90683890e-03
 -8.92589890e-05 -1.85629560e-02 2.75468030e-03
 -3.03823880e-04 -1.57518820e-02 2.61765000e-03
 -6.11141150e-04 -1.30343550e-02 2.48582520e-03
 -9.50115790e-04 -1.03620790e-02 2.33587550e-03
 -1.27879800e-03 -7.71907670e-03 2.15653800e-03
 -1.57377930e-03 -5.15561970e-03 1.95138380e-03
 -1.82953880e-03 -2.70222730e-03 1.72323610e-03
 -2.05117790e-03 -3.77541700e-04 1.47019200e-03
 -2.23717210e-03 1.80907610e-03 1.19818980e-03
 -2.36559050e-03 3.82181160e-03 9.11806770e-04
 -2.42160070e-03 5.54474820e-03 6.11809840e-04
 -2.40863930e-03 6.86753910e-03 3.11923240e-04
 -2.34583900e-03 7.77537700e-03 3.62397510e-05
 -2.25905930e-03 8.31214520e-03 -1.97408850e-04
 -2.14465170e-03 8.50017370e-03 -3.86279480e-04
 -1.98305280e-03 8.35226940e-03 -5.35267460e-04
 -1.77413800e-03 7.88892810e-03 -6.44229640e-04
 -1.54688950e-03 7.21282000e-03 -7.05509850e-04
 -1.33013730e-03 6.44203420e-03 -7.13163350e-04
 -1.12762950e-03 5.63276890e-03 -6.71643880e-04
 -9.23097310e-04 4.82455920e-03 -5.91651360e-04
 -7.08568670e-04 4.04965510e-03 -4.84566260e-04
 -4.95651910e-04 3.31378240e-03 -3.56198110e-04
 -3.06199650e-04 2.65874360e-03 -2.16767880e-04
 -1.56521990e-04 2.08383100e-03 -7.61192130e-05
 -5.14291210e-05 1.53466610e-03 5.79335320e-05
 1.14686330e-05 9.82909350e-04 1.76431280e-04
 4.42141390e-05 4.19597370e-04 2.70153370e-04
 5.41232290e-05 -1.75980430e-04 3.38230720e-04
 3.98964580e-05 -7.64277240e-04 3.82101130e-04
 8.94449040e-07 -1.28774940e-03 4.03934190e-04
 -5.49453430e-05 -1.70359840e-03 4.05988740e-04
 -1.20836190e-04 -1.97769400e-03 3.87468550e-04
 -1.96394250e-04 -2.09022690e-03 3.48232220e-04
 -2.77458370e-04 -2.04450990e-03 2.92206500e-04
 -3.57791840e-04 -1.86565500e-03 2.23241300e-04
 -4.32558270e-04 -1.60912620e-03 1.43299420e-04
 -4.99151650e-04 -1.33698650e-03 5.60280640e-05
 -5.53439430e-04 -1.09188840e-03 -3.31914450e-05
 -5.88330910e-04 -8.90650550e-04 -1.20263640e-04
 -5.94336420e-04 -7.43355490e-04 -2.02958360e-04
 -5.68361600e-04 -6.65141740e-04 -2.79473930e-04
 -5.14967130e-04 -6.27541450e-04 -3.50253190e-04
 -4.40151840e-04 -5.84187280e-04 -4.17032540e-04
 -3.49894400e-04 -5.13881390e-04 -4.81340390e-04
 -2.51760210e-04 -4.08134740e-04 -5.44126550e-04
 -1.52832490e-04 -2.56332570e-04 -6.05967540e-04
 -5.99604320e-05 -6.30612190e-05 -6.66500880e-04
 2.14140670e-05 1.55014800e-04 -7.23592350e-04
 8.88589420e-05 3.71111210e-04 -7.75356140e-04
 1.45237750e-04 5.53724820e-04 -8.18821190e-04
 1.96237820e-04 6.74934130e-04 -8.52761440e-04
 2.47497810e-04 6.93881010e-04 -8.79256930e-04
 3.04920050e-04 5.53493270e-04 -8.99560400e-04
 3.73796530e-04 2.09608570e-04 -9.13911960e-04
 4.54472060e-04 -3.52544880e-04 -9.23708260e-04
 5.43636790e-04 -1.11131930e-03 -9.28495430e-04
 6.31114180e-04 -1.97601460e-03 -9.26111480e-04
 7.00481000e-04 -2.79599680e-03 -9.15526530e-04
 7.35056880e-04 -3.40245660e-03 -8.97441230e-04
 7.25041490e-04 -3.67883340e-03 -8.71409310e-04
 6.71753430e-04 -3.59714990e-03 -8.36934600e-04
 5.84871620e-04 -3.20672690e-03 -7.97728480e-04
 4.80618970e-04 -2.62971830e-03 -7.56038760e-04
 3.75327890e-04 -1.98348870e-03 -7.13385410e-04
 2.79917960e-04 -1.34051160e-03 -6.73303500e-04
 2.02609580e-04 -7.68478670e-04 -6.37413700e-04
 1.46667150e-04 -3.03634530e-04 -6.05633190e-04
 1.08035000e-04 1.00744030e-04 -5.78095550e-04
 8.03712900e-05 5.13988140e-04 -5.53818940e-04
 6.12948860e-05 9.40473400e-04 -5.31047470e-04
 5.39210410e-05 1.33022700e-03 -5.08506840e-04
 5.94201010e-05 1.65953420e-03 -4.86113740e-04
 7.48643140e-05 1.91807480e-03 -4.64119310e-04
 9.72839770e-05 2.08062540e-03 -4.42980910e-04
 1.22848770e-04 2.13305300e-03 -4.23200400e-04
 1.47378650e-04 2.08287220e-03 -4.04945490e-04
 1.66357670e-04 1.95646010e-03 -3.87906480e-04
 1.76929230e-04 1.78906860e-03 -3.71411970e-04
 1.79889220e-04 1.61012060e-03 -3.54910150e-04
 1.78538890e-04 1.43983190e-03 -3.38147390e-04
 1.76572690e-04 1.28988260e-03 -3.21147850e-04
 1.74939220e-04 1.16317560e-03 -3.03900420e-04
 1.74303450e-04 1.05134670e-03 -2.86568510e-04
 1.74676770e-04 9.53126000e-04 -2.69528740e-04
 1.73179690e-04 8.86958500e-04 -2.52873750e-04
 1.67347450e-04 8.68405450e-04 -2.36733410e-04
 1.55456550e-04 9.01514140e-04 -2.21026730e-04
 1.35494290e-04 9.85804600e-04 -2.05608490e-04
 1.09365110e-04 1.10558350e-03 -1.90491130e-04
 8.22488360e-05 1.23104710e-03 -1.75609440e-04
 6.08296430e-05 1.32966900e-03 -1.61262740e-04
 4.79899280e-05 1.38001370e-03 -1.48136790e-04
 4.18607450e-05 1.38111370e-03 -1.36905900e-04
 3.99889070e-05 1.34375070e-03 -1.28049290e-04
 3.88619770e-05 1.28143140e-03 -1.21336590e-04
 3.41885280e-05 1.21118610e-03 -1.15917900e-04
 2.55077940e-05 1.14858010e-03 -1.11077050e-04
 1.40809510e-05 1.10001930e-03 -1.06348320e-04
 7.96292000e-07 1.05914150e-03 -1.01387630e-04
 -1.21264490e-05 1.01339950e-03 -9.60044270e-05
 -2.18321310e-05 9.55373980e-04 -9.01694220e-05
 -2.50931260e-05 8.80601520e-04 -8.36472320e-05
 -2.11257480e-05 7.87717120e-04 -7.61212580e-05
 -1.26783100e-05 6.87906230e-04 -6.72722820e-05
 -3.65896450e-06 6.00364640e-04 -5.70001360e-05
 1.29552840e-06 5.41031830e-04 -4.55024970e-05
 2.06758770e-07 5.14552290e-04 -3.32758830e-05
 -3.43579130e-06 5.14273010e-04 -2.10468680e-05
 -6.10961110e-06 5.29776330e-04 -9.36923790e-06
 -7.15023040e-06 5.51502100e-04 1.52247650e-06
 -4.74989880e-06 5.68289780e-04 1.12521430e-05
 2.14746730e-06 5.73810540e-04 1.93022660e-05
 1.15550520e-05 5.70642470e-04 2.57159030e-05
 2.20451660e-05 5.62905330e-04 3.09647330e-05
 3.33908430e-05 5.53209680e-04 3.55275950e-05
 4.45948940e-05 5.42910710e-04 3.95621320e-05
 5.44509490e-05 5.31531460e-04 4.30390360e-05
 6.25236060e-05 5.17593060e-04 4.59900510e-05
 6.92524340e-05 4.98198380e-04 4.86433890e-05
 7.52580600e-05 4.68535060e-04 5.09757050e-05
 8.14639500e-05 4.27093150e-04 5.25542640e-05
 8.84870020e-05 3.79182600e-04 5.30763540e-05
 9.53327030e-05 3.33136730e-04 5.25343310e-05
 9.99795590e-05 2.95126490e-04 5.12970510e-05
 1.01470560e-04 2.68415690e-04 4.97947690e-05
 1.00265170e-04 2.51265180e-04 4.84279660e-05
 9.67271120e-05 2.40602590e-04 4.75201090e-05
 9.18526570e-05 2.32938050e-04 4.73696020e-05
 8.66878980e-05 2.27734780e-04 4.79328370e-05
 8.11811110e-05 2.22870530e-04 4.90730600e-05
 7.58606470e-05 2.15235250e-04 5.05642860e-05
 7.14008710e-05 2.02388050e-04 5.22880510e-05
 6.74494080e-05 1.85795000e-04 5.40642900e-05
 6.34410170e-05 1.65114920e-04 5.57394050e-05
 5.93289010e-05 1.44921960e-04 5.70318810e-05
 5.44894460e-05 1.29900670e-04 5.79386510e-05
 4.86721180e-05 1.20900560e-04 5.84326440e-05
 4.24224270e-05 1.14496120e-04 5.84498630e-05
 3.62092470e-05 1.10133250e-04 5.81134810e-05
 3.01805870e-05 1.04292510e-04 5.74552580e-05
 2.35612770e-05 9.55911020e-05 5.65245430e-05
 1.59033930e-05 8.54656760e-05 5.53724490e-05
 7.65890040e-06 7.67800880e-05 5.39363100e-05
 -5.55752480e-07 7.04634440e-05 5.22536170e-05
 -8.29963850e-06 6.72791650e-05 5.03313310e-05
 -1.50032700e-05 6.57554560e-05 4.81675340e-05
 -2.06944510e-05 6.39458960e-05 4.58362630e-05
 -2.58651360e-05 6.07302210e-05 4.34896060e-05
 -3.05039580e-05 5.68288160e-05 4.11649890e-05
 -3.42599200e-05 5.21495020e-05 3.89880770e-05
 -3.69768900e-05 4.63034920e-05 3.70581870e-05
 -3.88456650e-05 3.93774860e-05 3.54294100e-05
 -3.99377640e-05 3.29518590e-05 3.40678310e-05
 -4.05930700e-05 2.81166790e-05 3.29342110e-05
 -4.12157170e-05 2.57706940e-05 3.19677200e-05
 -4.19671200e-05 2.55770320e-05 3.10656180e-05
 -4.27932720e-05 2.60393410e-05 3.01813110e-05
 -4.34282080e-05 2.59202010e-05 2.93084470e-05
 -4.35846960e-05 2.47294270e-05 2.83606550e-05
 -4.32754130e-05 2.20879870e-05 2.73256500e-05
 -4.26290280e-05 1.82893000e-05 2.61970890e-05
 -4.15384490e-05 1.43841770e-05 2.49463960e-05
 -4.00485220e-05 1.08817380e-05 2.36414560e-05
 -3.82252580e-05 7.82790810e-06 2.23638530e-05
 -3.60827760e-05 5.26394930e-06 2.10846590e-05
 -3.37104100e-05 3.57552560e-06 1.97792430e-05
 -3.12972410e-05 2.64529990e-06 1.84926160e-05
 -2.90647690e-05 1.84238980e-06 1.72949710e-05
 -2.68699620e-05 7.78265930e-07 1.61929490e-05
 -2.46714330e-05 -7.39953460e-07 1.51631470e-05
 -2.27619660e-05 -2.94870870e-06 1.42492850e-05
 -2.13812910e-05 -5.57526070e-06 1.34962670e-05
 -2.03312360e-05 -7.70967200e-06 1.28677720e-05
 -1.92981990e-05 -9.19715510e-06 1.22559040e-05
 -1.81560750e-05 -9.65372150e-06 1.16132410e-05
 -1.68473780e-05 -9.37925870e-06 1.09326500e-05
 -1.54697990e-05 -9.06219980e-06 1.02137040e-05
 -1.41038180e-05 -9.13200530e-06 9.45156440e-06
 -1.27948270e-05 -9.19421020e-06 8.66852320e-06
 -1.16686250e-05 -9.48487290e-06 7.92974970e-06
 -1.07817550e-05 -9.92995590e-06 7.25211790e-06
 -1.01081890e-05 -1.03032350e-05 6.64697790e-06
 -9.68339010e-06 -1.04468770e-05 6.12917940e-06
 -9.49585960e-06 -1.01487020e-05 5.68077390e-06
 -9.34777560e-06 -9.30843820e-06 5.28467220e-06
 -9.08753650e-06 -7.99971890e-06 4.94178900e-06
 -8.64220240e-06 -6.21449910e-06 4.62290290e-06
 -8.15333900e-06 -3.99325290e-06 4.26592310e-06
 -7.79902980e-06 -1.83485020e-06 3.89068190e-06
 -7.53853150e-06 6.18718870e-08 3.51460360e-06
 -7.32999620e-06 1.59710460e-06 3.14343520e-06
 -7.18480210e-06 2.66079500e-06 2.79846220e-06
 -7.03424620e-06 3.16187400e-06 2.50298420e-06
 -6.82937300e-06 3.25669700e-06 2.24111520e-06
 -6.44241800e-06 3.07359120e-06 2.00098910e-06
 -5.87574190e-06 2.81133860e-06 1.77550570e-06
 -5.24566300e-06 2.55375330e-06 1.55512610e-06
 -4.53269970e-06 2.29400350e-06 1.33279930e-06
 -3.80765230e-06 2.03347990e-06 1.11468250e-06
 -3.14716910e-06 1.69544630e-06 9.08778190e-07
 -2.54898490e-06 1.19886180e-06 7.26294450e-07
 -1.98874180e-06 6.08819510e-07 5.69615390e-07
 -1.52177760e-06 7.96958520e-08 4.47218180e-07
 -1.09288640e-06 -2.89077860e-07 3.49245230e-07
 -7.59312910e-07 -4.83078220e-07 2.76699640e-07
 -5.12481790e-07 -5.36106600e-07 2.21726450e-07
 -3.15486550e-07 -4.93572260e-07 1.76863540e-07
