 -2.00832020e-07 1.19582740e-07 1.22083720e-06
 -1.04187740e-07 2.90519670e-07 1.30948650e-06
 -3.56785420e-09 4.62488880e-07 1.32709350e-06
 9.12634310e-08 6.23390060e-07 1.26348540e-06
 1.73909340e-07 7.66271060e-07 1.11143410e-06
 2.39695790e-07 8.87207480e-07 8.68705340e-07
 2.84507710e-07 9.81686070e-07 5.37526380e-07
 2.99944220e-07 1.04284600e-06 1.39962740e-07
 2.76208770e-07 1.06274080e-06 -2.86020340e-07
 2.06682420e-07 1.03666680e-06 -6.91551520e-07
 8.95570840e-08 9.64098260e-07 -1.02408430e-06
 -7.56557410e-08 8.43326860e-07 -1.24394630e-06
 -2.84442960e-07 6.76526040e-07 -1.33017160e-06
 -5.35514570e-07 4.61219170e-07 -1.28519000e-06
 -8.29894470e-07 1.91098930e-07 -1.13357590e-06
 -1.16307040e-06 -1.34265040e-07 -9.14864360e-07
 -1.52758430e-06 -5.07783450e-07 -6.63122530e-07
 -1.90760870e-06 -9.10883220e-07 -4.02533710e-07
 -2.28407040e-06 -1.32043490e-06 -1.45471900e-07
 -2.63072550e-06 -1.70515570e-06 1.01105010e-07
 -2.91459950e-06 -2.02546580e-06 3.30219960e-07
 -3.11069470e-06 -2.24827000e-06 5.34895610e-07
 -3.20864500e-06 -2.35887360e-06 7.05333720e-07
 -3.20409280e-06 -2.34966480e-06 8.38967990e-07
 -3.09493500e-06 -2.21549660e-06 9.31714510e-07
 -2.89077840e-06 -1.96637690e-06 9.65424530e-07
 -2.61052860e-06 -1.62609620e-06 9.24481810e-07
 -2.29412940e-06 -1.24204100e-06 8.03972740e-07
 -1.98907400e-06 -8.69800540e-07 6.12716970e-07
 -1.73921270e-06 -5.61935960e-07 3.74493740e-07
 -1.57681340e-06 -3.57617810e-07 1.28566780e-07
 -1.51202730e-06 -2.68987320e-07 -8.10614860e-08
 -1.53537120e-06 -2.83372430e-07 -2.15961660e-07
 -1.62237510e-06 -3.70187910e-07 -2.53425410e-07
 -1.74389570e-06 -4.91953190e-07 -1.86763190e-07
 -1.87449090e-06 -6.12400750e-07 -1.98756830e-08
 -1.99649370e-06 -7.02227280e-07 2.37895890e-07
 -2.09954960e-06 -7.41929970e-07 5.71967970e-07
 -2.18779540e-06 -7.31750560e-07 9.55202380e-07
 -2.28185700e-06 -6.90052840e-07 1.35531260e-06
 -2.41572710e-06 -6.44459360e-07 1.74473730e-06
 -2.62486990e-06 -6.24834400e-07 2.10021540e-06
 -2.93279140e-06 -6.52632820e-07 2.41005450e-06
 -3.35073630e-06 -7.42727200e-07 2.66940150e-06
 -3.87231650e-06 -9.02874040e-07 2.87388980e-06
 -4.47300500e-06 -1.13312300e-06 3.01467500e-06
 -5.11666120e-06 -1.42990760e-06 3.08706760e-06
 -5.75622290e-06 -1.78323650e-06 3.09690610e-06
 -6.34501110e-06 -2.18062340e-06 3.06285460e-06
 -6.85011860e-06 -2.60966730e-06 3.01448590e-06
 -7.25644210e-06 -3.06031170e-06 2.99129280e-06
 -7.56648020e-06 -3.52993970e-06 3.04731840e-06
 -7.81567270e-06 -4.04326190e-06 3.25097470e-06
 -8.08779440e-06 -4.67861040e-06 3.71123310e-06
 -8.54198150e-06 -5.60977240e-06 4.62462960e-06
 -9.46520410e-06 -7.17894770e-06 6.35374950e-06
 -1.13779860e-05 -1.00383540e-05 9.57379780e-06
 -1.52395250e-05 -1.54128280e-05 1.55509520e-05
 -2.28120190e-05 -2.55746110e-05 2.66672540e-05
 -3.73512630e-05 -4.47394300e-05 4.74144040e-05
 -6.49045110e-05 -8.07401590e-05 8.62268640e-05
 -1.16781140e-04 -1.48219550e-04 1.58945840e-04
 -2.13898790e-04 -2.74247660e-04 2.94894210e-04
 -3.92838320e-04 -5.06036160e-04 5.45060200e-04
 -7.06082090e-04 -9.10929350e-04 9.80921670e-04
 -1.19919820e-03 -1.54708800e-03 1.65887710e-03
 -1.87109460e-03 -2.41433390e-03 2.56137320e-03
 -2.66049850e-03 -3.43946670e-03 3.57866220e-03
 -3.47598740e-03 -4.51357850e-03 4.55404260e-03
 -4.22978030e-03 -5.52936640e-03 5.33753770e-03
 -4.83576350e-03 -6.37461570e-03 5.79514210e-03
 -5.23913510e-03 -6.97515900e-03 5.86389520e-03
 -5.47854230e-03 -7.37846740e-03 5.63306640e-03
 -5.66662340e-03 -7.72200990e-03 5.28694270e-03
 -5.89749500e-03 -8.11339910e-03 4.96634930e-03
 -6.16110950e-03 -8.53618050e-03 4.66588980e-03
 -6.39597090e-03 -8.91760920e-03 4.30824560e-03
 -6.60019740e-03 -9.25207320e-03 3.89595240e-03
 -6.79679680e-03 -9.56117360e-03 3.47409790e-03
 -6.94774790e-03 -9.80218780e-03 3.04057290e-03
 -7.00323890e-03 -9.92023200e-03 2.60157040e-03
 -7.00321230e-03 -9.95873190e-03 2.22428140e-03
 -6.99415100e-03 -9.97240380e-03 1.90996190e-03
 -6.95502390e-03 -9.94597190e-03 1.56966600e-03
 -6.87602860e-03 -9.87025910e-03 1.17417130e-03
 -6.76460700e-03 -9.74804350e-03 7.44086750e-04
 -6.60612200e-03 -9.56151260e-03 2.68499770e-04
 -6.39761890e-03 -9.30775330e-03 -2.46646260e-04
 -6.16972010e-03 -9.01729240e-03 -7.49208090e-04
 -5.92244320e-03 -8.68904030e-03 -1.22288290e-03
 -5.64668930e-03 -8.31608010e-03 -1.67440890e-03
 -5.37857270e-03 -7.93873430e-03 -2.07739600e-03
 -5.13682280e-03 -7.58165820e-03 -2.41666920e-03
 -4.91475130e-03 -7.24605100e-03 -2.69715120e-03
 -4.75090560e-03 -6.97530570e-03 -2.88105380e-03
 -4.67491240e-03 -6.80022270e-03 -2.95692660e-03
 -4.62816420e-03 -6.66484380e-03 -3.00428690e-03
 -4.58342070e-03 -6.54311340e-03 -3.05186680e-03
 -4.57862860e-03 -6.47145740e-03 -3.06121490e-03
 -4.62837280e-03 -6.46711750e-03 -3.01650260e-03
 -4.73465490e-03 -6.54244700e-03 -2.89716710e-03
 -4.96937290e-03 -6.78550960e-03 -2.61974800e-03
 -5.42330460e-03 -7.30996490e-03 -2.11008430e-03
 -6.15723800e-03 -8.19775460e-03 -1.33016260e-03
 -7.21749380e-03 -9.50002950e-03 -2.56749100e-04
 -8.56278000e-03 -1.11639190e-02 1.04531720e-03
 -1.00272440e-02 -1.29970050e-02 2.38380530e-03
 -1.14308670e-02 -1.47614210e-02 3.53928750e-03
 -1.26368850e-02 -1.62293890e-02 4.33854110e-03
 -1.34387530e-02 -1.70930790e-02 4.55368220e-03
 -1.36474620e-02 -1.70509460e-02 3.99273400e-03
 -1.33020900e-02 -1.60190260e-02 2.69738070e-03
 -1.26576500e-02 -1.41420170e-02 9.26459560e-04
 -1.19873180e-02 -1.16219420e-02 -1.03086210e-03
 -1.14359840e-02 -8.59045050e-03 -2.99623280e-03
 -1.10103650e-02 -5.14597490e-03 -4.88369170e-03
 -1.06765430e-02 -1.50004890e-03 -6.56278430e-03
 -1.04257640e-02 1.93044090e-03 -7.78535990e-03
 -1.01035500e-02 4.73037730e-03 -8.33979900e-03
 -9.43777520e-03 6.77518310e-03 -8.21876530e-03
 -8.36880320e-03 8.21895060e-03 -7.57654380e-03
 -7.13764780e-03 9.17631390e-03 -6.50569980e-03
 -5.90639000e-03 9.73453470e-03 -5.11595930e-03
 -4.55055620e-03 1.01533500e-02 -3.68419010e-03
 -3.02843100e-03 1.06380020e-02 -2.37625580e-03
 -1.55461010e-03 1.10908190e-02 -1.08583090e-03
 -3.34709480e-04 1.12705660e-02 3.35134010e-04
 6.66152100e-04 1.11173970e-02 1.85098160e-03
 1.51594550e-03 1.07194150e-02 3.32169750e-03
 2.11847150e-03 1.01332740e-02 4.61202580e-03
 2.35201370e-03 9.36494580e-03 5.60387600e-03
 2.25198760e-03 8.42445900e-03 6.23191100e-03
 1.97063220e-03 7.40071110e-03 6.45852690e-03
 1.67544360e-03 6.46776570e-03 6.23964520e-03
 1.45040520e-03 5.72231640e-03 5.63870420e-03
 1.29690750e-03 5.13210610e-03 4.86462520e-03
 1.26726870e-03 4.73137900e-03 4.03053730e-03
 1.47060440e-03 4.60748840e-03 3.11622070e-03
 1.84491710e-03 4.67138090e-03 2.17288660e-03
 2.20724220e-03 4.70626210e-03 1.28292700e-03
 2.48927480e-03 4.62108850e-03 4.12633580e-04
 2.76076860e-03 4.48688260e-03 -4.90727890e-04
 3.03714490e-03 4.32930140e-03 -1.39716840e-03
 3.29450750e-03 4.12357370e-03 -2.24986700e-03
 3.51584980e-03 3.86099870e-03 -2.99812600e-03
 3.69147930e-03 3.56118100e-03 -3.64004700e-03
 3.80260170e-03 3.21812300e-03 -4.19062750e-03
 3.82376040e-03 2.78996540e-03 -4.62065310e-03
 3.74597990e-03 2.23198840e-03 -4.91426230e-03
 3.55103400e-03 1.50412730e-03 -5.13571920e-03
 3.26216550e-03 6.61337460e-04 -5.35469690e-03
 2.92764070e-03 -1.81907930e-04 -5.54996400e-03
 2.59746330e-03 -9.58816910e-04 -5.68206650e-03
 2.32987800e-03 -1.65814020e-03 -5.79425370e-03
 2.15483110e-03 -2.26859330e-03 -5.89868380e-03
 2.00805600e-03 -2.79892590e-03 -5.91815310e-03
 1.84132400e-03 -3.26350310e-03 -5.82820040e-03
 1.72668020e-03 -3.61036560e-03 -5.69368950e-03
 1.67852980e-03 -3.83885480e-03 -5.52919130e-03
 1.62250300e-03 -4.00051850e-03 -5.30285020e-03
 1.56444730e-03 -4.08715940e-03 -5.03739340e-03
 1.59675030e-03 -4.02336010e-03 -4.76681630e-03
 1.73211230e-03 -3.77136590e-03 -4.44895590e-03
 1.88103350e-03 -3.39424050e-03 -4.03538350e-03
 2.03247880e-03 -2.96682140e-03 -3.55414910e-03
 2.26601330e-03 -2.52215450e-03 -3.02227660e-03
 2.56037740e-03 -2.07222350e-03 -2.40483860e-03
 2.83097430e-03 -1.62940380e-03 -1.71262340e-03
 3.07083760e-03 -1.21485330e-03 -1.04670680e-03
 3.33330200e-03 -8.28228890e-04 -4.58403720e-04
 3.63342300e-03 -4.31612370e-04 1.00922730e-04
 3.94825170e-03 2.84821180e-05 6.53289030e-04
 4.24870710e-03 5.61014810e-04 1.14899250e-03
 4.52625290e-03 1.14297740e-03 1.53622190e-03
 4.79589910e-03 1.76531450e-03 1.79824120e-03
 5.04837700e-03 2.40894620e-03 1.97491280e-03
 5.21889470e-03 2.97696330e-03 2.10681160e-03
 5.28014780e-03 3.37724390e-03 2.18017700e-03
 5.27858270e-03 3.67997260e-03 2.19919740e-03
 5.20703100e-03 3.99002810e-03 2.21336840e-03
 4.98370450e-03 4.22292200e-03 2.21310420e-03
 4.66200800e-03 4.20848050e-03 2.12363740e-03
 4.39617920e-03 3.98385620e-03 1.92529770e-03
 4.17015890e-03 3.71825650e-03 1.69144620e-03
 3.83239820e-03 3.43593680e-03 1.47070360e-03
 3.35534240e-03 3.03507080e-03 1.23557220e-03
 2.86838830e-03 2.50055850e-03 9.77261460e-04
 2.45964500e-03 1.92915110e-03 7.45049970e-04
 2.11954930e-03 1.38739220e-03 5.50558440e-04
 1.82168160e-03 9.09361410e-04 3.71257630e-04
 1.57207680e-03 5.53333380e-04 2.09180000e-04
 1.36961110e-03 3.55252730e-04 9.69500470e-05
 1.24208900e-03 2.68090520e-04 4.81624160e-05
 1.25098210e-03 2.19050790e-04 4.87680810e-05
 1.36458050e-03 1.88972960e-04 8.44811730e-05
 1.48133320e-03 2.67542810e-04 1.69875960e-04
 1.54051000e-03 5.16268130e-04 3.27279270e-04
 1.61853220e-03 8.25386150e-04 5.39318770e-04
 1.78630480e-03 1.04436490e-03 7.67380870e-04
 1.99654330e-03 1.22466360e-03 9.90395670e-04
 2.18147480e-03 1.46830010e-03 1.21431130e-03
 2.36455350e-03 1.76079060e-03 1.45283120e-03
 2.54784500e-03 2.01593060e-03 1.69581750e-03
 2.72643680e-03 2.23373620e-03 1.91602370e-03
 2.93959860e-03 2.44662170e-03 2.09797290e-03
 3.22108410e-03 2.57807060e-03 2.23749410e-03
 3.50685140e-03 2.54247760e-03 2.34477690e-03
 3.72725470e-03 2.36459010e-03 2.43244930e-03
 3.87228350e-03 2.08431060e-03 2.49071790e-03
 3.96056050e-03 1.66425550e-03 2.47291080e-03
 3.99036800e-03 1.06634580e-03 2.38964010e-03
 3.95759940e-03 3.52675300e-04 2.28472030e-03
 3.85483120e-03 -3.34597310e-04 2.18050930e-03
 3.66663560e-03 -9.00564190e-04 2.07791920e-03
 3.41712870e-03 -1.31514770e-03 2.00559730e-03
 3.13343410e-03 -1.54993500e-03 1.98835950e-03
 2.82242680e-03 -1.58189300e-03 2.01692570e-03
 2.48935470e-03 -1.48974620e-03 2.04821770e-03
 2.18960900e-03 -1.36807180e-03 2.07065140e-03
 1.91681050e-03 -1.17137450e-03 2.07767330e-03
 1.61381510e-03 -8.41986210e-04 2.02863900e-03
 1.27873000e-03 -4.99415680e-04 1.89892840e-03
 9.75629660e-04 -3.00736890e-04 1.72469150e-03
 7.15672800e-04 -1.97073100e-04 1.55367430e-03
 4.64424550e-04 -6.94143240e-05 1.40293940e-03
 2.32973180e-04 5.68621000e-05 1.26288910e-03
 5.83045770e-05 1.26085620e-04 1.11541350e-03
 -5.22001100e-05 2.16585690e-04 9.67085540e-04
 -1.32596020e-04 4.02224830e-04 8.20773250e-04
 -2.02557460e-04 6.19675910e-04 6.75551770e-04
 -2.59350020e-04 7.92735900e-04 5.45418650e-04
 -2.71239580e-04 9.54609600e-04 4.49466720e-04
 -2.44943770e-04 1.17778060e-03 3.69233140e-04
 -2.34386880e-04 1.46720900e-03 2.74831310e-04
 -2.70545220e-04 1.75055120e-03 1.74631360e-04
 -3.23095330e-04 1.97325440e-03 1.08411220e-04
 -3.75989820e-04 2.15923510e-03 8.82540920e-05
 -4.28019270e-04 2.32664310e-03 8.21289580e-05
 -4.77006630e-04 2.43675410e-03 6.45576660e-05
 -5.34046850e-04 2.49639880e-03 3.38043210e-05
 -6.22094430e-04 2.58260920e-03 2.42767240e-06
 -7.43694430e-04 2.67945460e-03 -2.15451420e-05
 -8.41272590e-04 2.68734220e-03 -4.06399190e-05
 -8.94436380e-04 2.60921920e-03 -8.06320240e-05
 -9.31976890e-04 2.57475210e-03 -1.51947480e-04
 -9.82674770e-04 2.63823170e-03 -2.48307270e-04
 -1.04517420e-03 2.71616290e-03 -3.55071270e-04
 -1.10882530e-03 2.72402190e-03 -4.53917890e-04
 -1.16427200e-03 2.66421030e-03 -5.36270270e-04
 -1.20409790e-03 2.56509750e-03 -6.01853480e-04
 -1.24768170e-03 2.45608920e-03 -6.59480870e-04
 -1.33700480e-03 2.36380220e-03 -7.26885100e-04
 -1.47626220e-03 2.28208140e-03 -8.05736810e-04
 -1.63718650e-03 2.17812950e-03 -8.68923090e-04
 -1.78001190e-03 2.00818250e-03 -8.87965490e-04
 -1.88355300e-03 1.76250520e-03 -8.65189420e-04
 -1.95657440e-03 1.48904680e-03 -8.23001730e-04
 -2.02461630e-03 1.23929400e-03 -7.77721870e-04
 -2.09703160e-03 9.86425320e-04 -7.26000760e-04
 -2.15551540e-03 6.93317970e-04 -6.52735760e-04
 -2.20263680e-03 3.69110320e-04 -5.55319710e-04
 -2.22919860e-03 2.09754760e-05 -4.38373770e-04
 -2.21231630e-03 -3.42327460e-04 -3.07650250e-04
 -2.15322900e-03 -6.96162110e-04 -1.65385760e-04
 -2.08384400e-03 -1.01314940e-03 -1.38030500e-05
 -2.01732060e-03 -1.30570380e-03 1.37458120e-04
 -1.93695810e-03 -1.59143580e-03 2.84177630e-04
 -1.82312420e-03 -1.86377100e-03 4.30917160e-04
 -1.67384700e-03 -2.08975820e-03 5.82463110e-04
 -1.49857590e-03 -2.24732120e-03 7.29318880e-04
 -1.30645200e-03 -2.33788930e-03 8.62146900e-04
 -1.11349080e-03 -2.37358220e-03 9.73455720e-04
 -9.14610400e-04 -2.36328020e-03 1.06698000e-03
 -6.92093050e-04 -2.31090490e-03 1.14797040e-03
 -4.42331420e-04 -2.22624000e-03 1.20895830e-03
 -1.81020630e-04 -2.10341950e-03 1.23732460e-03
 7.51462140e-05 -1.92791110e-03 1.23427620e-03
 3.17280970e-04 -1.70714790e-03 1.20624170e-03
 5.51814100e-04 -1.47553580e-03 1.15380690e-03
 7.78901220e-04 -1.25705460e-03 1.07444170e-03
 9.78377880e-04 -1.04961350e-03 9.65626910e-04
 1.12798960e-03 -8.46000850e-04 8.25990750e-04
 1.24085120e-03 -6.41476190e-04 6.71057730e-04
 1.33178830e-03 -4.38560760e-04 5.14813640e-04
 1.38901650e-03 -2.49567440e-04 3.57908600e-04
 1.39749590e-03 -8.68054120e-05 1.96584470e-04
 1.36057450e-03 4.68211110e-05 3.25423130e-05
 1.27926250e-03 1.51429920e-04 -1.34286720e-04
 1.15068920e-03 2.26708230e-04 -3.01748600e-04
 9.81965800e-04 2.75772560e-04 -4.64155130e-04
 7.89898740e-04 3.02612460e-04 -6.14414810e-04
 5.88595110e-04 3.09118480e-04 -7.47969260e-04
 3.89399880e-04 2.97121120e-04 -8.61244970e-04
 2.01229360e-04 2.70744030e-04 -9.54183920e-04
 3.16063780e-05 2.35173400e-04 -1.02639160e-03
 -1.11672750e-04 1.96845590e-04 -1.07473160e-03
 -2.22667130e-04 1.60249840e-04 -1.09574870e-03
 -2.99031240e-04 1.28522750e-04 -1.09024430e-03
 -3.48908770e-04 9.76187440e-05 -1.06412800e-03
 -3.77507090e-04 6.36946860e-05 -1.02208530e-03
 -3.86892000e-04 2.59134990e-05 -9.65991810e-04
 -3.80180860e-04 -1.36932620e-05 -8.96698330e-04
 -3.64807750e-04 -5.52796450e-05 -8.17027930e-04
 -3.42293440e-04 -9.72019990e-05 -7.29108170e-04
 -3.13090450e-04 -1.38036600e-04 -6.35295000e-04
 -2.77589020e-04 -1.76246420e-04 -5.38083840e-04
 -2.38439210e-04 -2.11137890e-04 -4.40600390e-04
 -1.97149960e-04 -2.40597680e-04 -3.44844210e-04
 -1.56232290e-04 -2.63884720e-04 -2.52909350e-04
 -1.15823540e-04 -2.81325830e-04 -1.67071630e-04
 -7.54753640e-05 -2.93240270e-04 -8.98499860e-05
 -3.51726230e-05 -2.98743780e-04 -2.27147430e-05
 4.98561170e-06 -2.96432200e-04 3.32675920e-05
 4.60636550e-05 -2.85381600e-04 7.75057340e-05
 8.66769770e-05 -2.66769670e-04 1.09062390e-04
 1.23955950e-04 -2.42666840e-04 1.27546330e-04
 1.55808550e-04 -2.15544830e-04 1.33447810e-04
 1.82602700e-04 -1.86940600e-04 1.28869680e-04
 2.03333170e-04 -1.59040010e-04 1.15458510e-04
 2.17741490e-04 -1.33406150e-04 9.50000900e-05
 2.26150940e-04 -1.10913240e-04 6.93908220e-05
 2.29113020e-04 -9.17786530e-05 4.03301640e-05
 2.26720660e-04 -7.61470800e-05 9.33856970e-06
 2.19432350e-04 -6.39519640e-05 -2.20170280e-05
 2.07454400e-04 -5.53356480e-05 -5.22247610e-05
 1.90705400e-04 -5.02907500e-05 -8.01997960e-05
 1.69747490e-04 -4.83762600e-05 -1.04781930e-04
 1.46035190e-04 -4.87523360e-05 -1.24469400e-04
 1.21073480e-04 -5.05548270e-05 -1.38389340e-04
 9.66593070e-05 -5.26743130e-05 -1.45762620e-04
 7.41389450e-05 -5.41608640e-05 -1.46470770e-04
 5.41988190e-05 -5.44240570e-05 -1.41248400e-04
 3.72279720e-05 -5.34509600e-05 -1.31045540e-04
 2.36258370e-05 -5.09599670e-05 -1.17040400e-04
 1.32789480e-05 -4.71515890e-05 -1.00540430e-04
 6.01867170e-06 -4.22409540e-05 -8.27567060e-05
 1.44289910e-06 -3.63438590e-05 -6.48570860e-05
 -1.61762530e-06 -3.05295110e-05 -4.86965800e-05
 -3.63456930e-06 -2.50954740e-05 -3.47735330e-05
 -4.80196010e-06 -2.02788250e-05 -2.36659180e-05
 -5.29407730e-06 -1.62777470e-05 -1.56594470e-05
 -5.27477410e-06 -1.31363280e-05 -1.03852170e-05
 -4.85398640e-06 -1.05065760e-05 -7.20440950e-06
 -4.18373520e-06 -8.39881610e-06 -5.74629300e-06
 -3.43961890e-06 -6.71108860e-06 -5.26078840e-06
 -2.75903680e-06 -5.36127300e-06 -5.09304390e-06
 -2.21429130e-06 -4.37586820e-06 -5.08155970e-06
 -1.74253250e-06 -3.55822930e-06 -4.88288650e-06
 -1.38603810e-06 -2.89608690e-06 -4.46942610e-06
 -1.12213230e-06 -2.32951920e-06 -3.88423000e-06
 -8.96448000e-07 -1.80460150e-06 -3.18790470e-06
