 5.21765400e-07 -2.17368790e-07 -7.50543960e-07
 1.83714040e-07 9.55339540e-09 -6.86648380e-07
 -3.17175390e-07 2.93269470e-07 -5.47068340e-07
 -9.63659200e-07 6.02326850e-07 -3.43944890e-07
 -1.71730720e-06 8.98438710e-07 -1.03074680e-07
 -2.51417420e-06 1.14524220e-06 1.36330310e-07
 -3.28349280e-06 1.30893820e-06 3.37152130e-07
 -3.95972030e-06 1.37870870e-06 4.76218130e-07
 -4.48864780e-06 1.36362520e-06 5.39683360e-07
 -4.83622580e-06 1.27949680e-06 5.18520150e-07
 -4.99978250e-06 1.15384000e-06 4.03738310e-07
 -4.98544750e-06 1.03318280e-06 1.76389380e-07
 -4.84935530e-06 9.74632370e-07 -1.82278840e-07
 -4.67351400e-06 1.03076080e-06 -7.04241300e-07
 -4.56600720e-06 1.26336340e-06 -1.45146950e-06
 -4.67320210e-06 1.78425420e-06 -2.55640930e-06
 -5.19784230e-06 2.80366290e-06 -4.32749270e-06
 -6.51958450e-06 4.72490320e-06 -7.41221400e-06
 -9.33074630e-06 8.32873140e-06 -1.30320100e-05
 -1.48776180e-05 1.50995830e-05 -2.33662250e-05
 -2.54001150e-05 2.77406530e-05 -4.21541700e-05
 -4.48021350e-05 5.09811470e-05 -7.52606140e-05
 -7.92990100e-05 9.25474600e-05 -1.30489670e-04
 -1.37663230e-04 1.63790380e-04 -2.17024480e-04
 -2.31044630e-04 2.79900560e-04 -3.44935540e-04
 -3.72321320e-04 4.59763280e-04 -5.23897820e-04
 -5.74457460e-04 7.24738460e-04 -7.60181400e-04
 -8.47996330e-04 1.09567390e-03 -1.05704170e-03
 -1.20120500e-03 1.59185310e-03 -1.42126250e-03
 -1.64230440e-03 2.23299490e-03 -1.85666610e-03
 -2.17541240e-03 3.03530740e-03 -2.35552900e-03
 -2.79271600e-03 4.00348940e-03 -2.90851230e-03
 -3.47579850e-03 5.13425520e-03 -3.52730490e-03
 -4.20347090e-03 6.42790090e-03 -4.22719210e-03
 -4.94167350e-03 7.88162000e-03 -5.00502390e-03
 -5.61869660e-03 9.46410650e-03 -5.81856720e-03
 -6.11039390e-03 1.10916020e-02 -6.61477210e-03
 -6.23762650e-03 1.26178150e-02 -7.36134920e-03
 -5.77829270e-03 1.38381950e-02 -8.04606080e-03
 -4.48851750e-03 1.45337270e-02 -8.61545000e-03
 -2.02365290e-03 1.44111050e-02 -8.92620530e-03
 1.97781550e-03 1.30592890e-02 -8.81967790e-03
 7.61330130e-03 1.02766480e-02 -8.23652090e-03
 1.47178970e-02 6.16155700e-03 -7.15529030e-03
 2.26465610e-02 1.02754250e-03 -5.58775800e-03
 3.01362200e-02 -4.18290310e-03 -3.77791580e-03
 3.55220510e-02 -8.03318900e-03 -2.11977870e-03
 3.75438740e-02 -1.00820580e-02 -7.70803830e-04
 3.59252540e-02 -1.09437790e-02 2.76957230e-04
 3.12650650e-02 -1.07785380e-02 9.51039370e-04
 2.46599020e-02 -1.03740480e-02 1.46407310e-03
 1.74729580e-02 -1.14354280e-02 2.23092550e-03
 1.08680010e-02 -1.34980370e-02 3.05278580e-03
 5.57245030e-03 -1.47767760e-02 3.48581720e-03
 1.82739560e-03 -1.58094580e-02 3.78753780e-03
 -4.69632910e-04 -1.78958890e-02 4.38872210e-03
 -1.64519430e-03 -2.01093910e-02 5.11365800e-03
 -2.16378950e-03 -2.05405930e-02 5.48571020e-03
 -2.34095260e-03 -1.88382360e-02 5.34502790e-03
 -2.27069060e-03 -1.66501980e-02 5.00141360e-03
 -2.08888390e-03 -1.57961190e-02 4.85467450e-03
 -2.05458540e-03 -1.56525670e-02 4.78098310e-03
 -2.28104860e-03 -1.43849400e-02 4.39730430e-03
 -2.65578440e-03 -1.21735810e-02 3.72961540e-03
 -3.01447280e-03 -1.08857060e-02 3.15774210e-03
 -3.28294630e-03 -1.12475990e-02 2.87304030e-03
 -3.53008830e-03 -1.22801440e-02 2.77929920e-03
 -3.81361530e-03 -1.24331750e-02 2.61297170e-03
 -4.00684170e-03 -1.09902590e-02 2.14129550e-03
 -3.99481830e-03 -8.89265440e-03 1.47293160e-03
 -3.85051100e-03 -7.22571140e-03 8.74804510e-04
 -3.64856050e-03 -6.14492600e-03 4.43242520e-04
 -3.38857270e-03 -4.58188080e-03 -3.13346060e-05
 -2.99509340e-03 -1.87135210e-03 -7.17023560e-04
 -2.36031270e-03 1.34172600e-03 -1.53647930e-03
 -1.54060950e-03 3.61341030e-03 -2.23151620e-03
 -7.81726670e-04 4.60016680e-03 -2.65018550e-03
 -1.77935650e-04 5.40274150e-03 -2.93352920e-03
 3.77707910e-04 7.02764370e-03 -3.32052330e-03
 9.25251570e-04 8.75575930e-03 -3.72084000e-03
 1.36138320e-03 9.34843440e-03 -3.88429060e-03
 1.58721240e-03 8.64187440e-03 -3.74420640e-03
 1.62563870e-03 7.59362710e-03 -3.44759670e-03
 1.59904740e-03 7.04460680e-03 -3.15775070e-03
 1.64922060e-03 6.59848700e-03 -2.87416160e-03
 1.77897760e-03 5.16774830e-03 -2.42738120e-03
 1.90973620e-03 2.27329740e-03 -1.68580610e-03
 1.97973220e-03 -1.16749770e-03 -7.56980500e-04
 1.99656510e-03 -4.00473780e-03 1.32531290e-04
 2.01337740e-03 -6.04760830e-03 8.73122310e-04
 2.03046880e-03 -8.10103120e-03 1.57963250e-03
 1.91655870e-03 -1.08178000e-02 2.39808720e-03
 1.53170540e-03 -1.40629780e-02 3.32691680e-03
 8.82571210e-04 -1.67459720e-02 4.17211000e-03
 1.32411650e-04 -1.76247940e-02 4.65884480e-03
 -4.81526630e-04 -1.70056070e-02 4.72048720e-03
 -9.30353530e-04 -1.66154970e-02 4.63544810e-03
 -1.37573920e-03 -1.73969490e-02 4.68713370e-03
 -1.92261000e-03 -1.81389430e-02 4.78669400e-03
 -2.45791630e-03 -1.71964840e-02 4.62494230e-03
 -2.75879520e-03 -1.47867840e-02 4.10890070e-03
 -2.75682470e-03 -1.27148130e-02 3.48672200e-03
 -2.67796500e-03 -1.18610790e-02 3.02784730e-03
 -2.71811710e-03 -1.14320820e-02 2.72316900e-03
 -2.80264740e-03 -1.03877340e-02 2.37985000e-03
 -2.69870830e-03 -8.33864320e-03 1.84889450e-03
 -2.33557800e-03 -5.78548480e-03 1.17549520e-03
 -1.97705390e-03 -3.74730140e-03 5.87023680e-04
 -1.84141220e-03 -2.70835820e-03 2.36614290e-04
 -1.83858010e-03 -1.91097000e-03 -9.13891650e-06
 -1.72489280e-03 -2.53425130e-04 -4.09512660e-04
 -1.39429690e-03 2.26656740e-03 -1.00638590e-03
 -9.74798050e-04 4.51844000e-03 -1.57862580e-03
 -6.99643920e-04 5.39669490e-03 -1.86937590e-03
 -6.87230090e-04 5.03422040e-03 -1.87208500e-03
 -8.14223720e-04 4.76930570e-03 -1.83919420e-03
 -8.62720710e-04 5.52488070e-03 -1.97047620e-03
 -7.91568830e-04 6.63772600e-03 -2.15713870e-03
 -7.65843550e-04 6.98626370e-03 -2.19751100e-03
 -8.98317140e-04 6.23774710e-03 -2.04438340e-03
 -1.12596130e-03 4.77436840e-03 -1.78310240e-03
 -1.29289770e-03 3.43326080e-03 -1.54589140e-03
 -1.32031330e-03 2.82337280e-03 -1.41133330e-03
 -1.26905580e-03 2.56522610e-03 -1.31613450e-03
 -1.26573840e-03 1.58791850e-03 -1.12085990e-03
 -1.36583230e-03 -5.32898700e-04 -7.72568510e-04
 -1.46707720e-03 -3.00116420e-03 -3.59440340e-04
 -1.45451640e-03 -4.78109720e-03 -2.47769050e-06
 -1.36579380e-03 -5.66661730e-03 2.59041470e-04
 -1.30823410e-03 -6.18943800e-03 4.54714730e-04
 -1.29729180e-03 -7.01444500e-03 6.46844620e-04
 -1.31331790e-03 -8.40459860e-03 9.02245810e-04
 -1.33377980e-03 -9.75258830e-03 1.19581680e-03
 -1.33125170e-03 -1.00950240e-02 1.40884580e-03
 -1.27038320e-03 -9.32918300e-03 1.47589010e-03
 -1.20027740e-03 -8.35827180e-03 1.45315270e-03
 -1.20279860e-03 -7.80807340e-03 1.41415810e-03
 -1.25863310e-03 -7.36069960e-03 1.35889230e-03
 -1.25958780e-03 -6.40917340e-03 1.24793450e-03
 -1.15046510e-03 -4.72613560e-03 1.05775950e-03
 -9.37437760e-04 -2.36672090e-03 7.58859560e-04
 -6.50392730e-04 1.86696630e-04 3.49145470e-04
 -3.51128690e-04 2.07884050e-03 -6.77448190e-05
 -8.00671620e-05 3.03694330e-03 -3.69947290e-04
 1.84145120e-04 3.79020260e-03 -5.66260770e-04
 5.10308250e-04 5.19039760e-03 -7.84061380e-04
 8.99192350e-04 7.10334770e-03 -1.08533620e-03
 1.26865970e-03 8.79872960e-03 -1.40534430e-03
 1.57605930e-03 9.94905270e-03 -1.67635770e-03
 1.83930490e-03 1.07228950e-02 -1.87679800e-03
 2.05692230e-03 1.12878480e-02 -1.99759640e-03
 2.20627500e-03 1.18643630e-02 -2.08102120e-03
 2.29907480e-03 1.26929440e-02 -2.22425740e-03
 2.34706680e-03 1.36025590e-02 -2.44012500e-03
 2.32704800e-03 1.41137330e-02 -2.62571920e-03
 2.21143970e-03 1.39974090e-02 -2.68757740e-03
 2.02577770e-03 1.34689950e-02 -2.62826940e-03
 1.81334680e-03 1.28185200e-02 -2.51194560e-03
 1.59316230e-03 1.20947440e-02 -2.39097190e-03
 1.36572900e-03 1.12392460e-02 -2.27273210e-03
 1.13947790e-03 1.02501310e-02 -2.12675660e-03
 9.09007210e-04 9.16214850e-03 -1.93111910e-03
 6.67193210e-04 7.99197610e-03 -1.69157990e-03
 4.16020720e-04 6.76521660e-03 -1.43589480e-03
 1.74761500e-04 5.57500500e-03 -1.19528310e-03
 -3.81624120e-05 4.54337850e-03 -9.87830220e-04
 -2.11305890e-04 3.71216800e-03 -8.10509960e-04
 -3.44068740e-04 3.03316880e-03 -6.50365950e-04
 -4.54393130e-04 2.43308190e-03 -4.98113750e-04
 -5.60348800e-04 1.86083220e-03 -3.54863760e-04
 -6.60748450e-04 1.30823360e-03 -2.30987530e-04
 -7.42787380e-04 8.09067100e-04 -1.30193260e-04
 -7.98922960e-04 3.89408090e-04 -4.10982760e-05
 -8.28907480e-04 3.58145630e-05 4.58064710e-05
 -8.40005640e-04 -3.09814670e-04 1.29639650e-04
 -8.26665490e-04 -6.76007940e-04 2.12637590e-04
 -7.65690870e-04 -1.01871040e-03 2.96831890e-04
 -6.45674710e-04 -1.29554150e-03 3.76663610e-04
 -4.60257490e-04 -1.49402210e-03 4.47727770e-04
 -2.04434170e-04 -1.60088250e-03 5.07971680e-04
 1.12864390e-04 -1.61619610e-03 5.56581480e-04
 4.63285340e-04 -1.56320400e-03 5.91552000e-04
 7.95926720e-04 -1.45686730e-03 6.08933970e-04
 1.05203200e-03 -1.29804120e-03 6.07595140e-04
 1.18794220e-03 -1.10536130e-03 5.86262610e-04
 1.19832810e-03 -9.03844720e-04 5.45378540e-04
 1.10328760e-03 -7.08087460e-04 4.92835180e-04
 9.49864160e-04 -5.21985170e-04 4.37602950e-04
 7.86656280e-04 -3.45040670e-04 3.83947710e-04
 6.35911190e-04 -1.63771240e-04 3.36724830e-04
 4.99177140e-04 6.12121490e-06 2.94691590e-04
 3.78683650e-04 1.29777050e-04 2.53579840e-04
 2.75698960e-04 2.16276790e-04 2.16795710e-04
 1.84777350e-04 2.75851980e-04 1.85517130e-04
 9.70553230e-05 2.97005000e-04 1.57685150e-04
 1.56383590e-05 2.95772160e-04 1.36443890e-04
 -5.87440880e-05 2.94957830e-04 1.21245350e-04
 -1.29499840e-04 2.89068410e-04 1.07114460e-04
 -1.86743270e-04 2.74169140e-04 9.45949800e-05
 -2.24185070e-04 2.49926760e-04 8.61548110e-05
 -2.43175750e-04 2.11040360e-04 8.10716450e-05
 -2.33883500e-04 1.65418790e-04 8.14259260e-05
 -2.04299370e-04 1.06483530e-04 8.77711430e-05
 -1.72642790e-04 2.46219350e-05 9.73190110e-05
 -1.36193500e-04 -6.35409230e-05 1.10026580e-04
 -9.77716550e-05 -1.56886860e-04 1.25813390e-04
 -6.45359690e-05 -2.54518150e-04 1.42447690e-04
 -3.22133930e-05 -3.36756520e-04 1.58859520e-04
 -2.69797510e-06 -4.08076330e-04 1.75655270e-04
 2.28090740e-05 -4.68567970e-04 1.92013920e-04
 5.14843340e-05 -4.92636750e-04 2.07575310e-04
 7.38775710e-05 -4.91061890e-04 2.22616070e-04
 8.26281390e-05 -4.79190490e-04 2.36303810e-04
 8.33679510e-05 -4.43109050e-04 2.48067810e-04
 7.10772070e-05 -3.95698210e-04 2.56943920e-04
 4.79375120e-05 -3.52106960e-04 2.61848010e-04
 2.90834960e-05 -3.00528980e-04 2.63317340e-04
 1.98490740e-05 -2.46177660e-04 2.62169400e-04
 2.34806390e-05 -1.96655910e-04 2.59326770e-04
 4.41256820e-05 -1.43687520e-04 2.55821940e-04
 7.05914860e-05 -1.06918670e-04 2.51093120e-04
 9.35712810e-05 -1.00096150e-04 2.45019120e-04
 1.15138360e-04 -1.01025400e-04 2.38934170e-04
 1.30381680e-04 -1.06418050e-04 2.33237570e-04
 1.32596050e-04 -1.30717790e-04 2.27415470e-04
 1.25643860e-04 -1.60512500e-04 2.21360840e-04
 1.14973070e-04 -1.80635530e-04 2.15208360e-04
 1.03496430e-04 -2.02757920e-04 2.08829250e-04
 9.57218140e-05 -2.24852830e-04 2.02035630e-04
 9.73752030e-05 -2.28914460e-04 1.94964220e-04
 1.06230670e-04 -2.30812210e-04 1.87336740e-04
 1.16811290e-04 -2.45067870e-04 1.78611330e-04
 1.29586360e-04 -2.52607800e-04 1.69148900e-04
 1.42584760e-04 -2.53865230e-04 1.59477010e-04
 1.48287090e-04 -2.70054850e-04 1.49350220e-04
 1.46466150e-04 -2.90116990e-04 1.38901230e-04
 1.40111620e-04 -2.97720510e-04 1.28471350e-04
 1.26519600e-04 -3.06382630e-04 1.18109600e-04
 1.05471710e-04 -3.15851500e-04 1.08161420e-04
 8.19182240e-05 -3.09360740e-04 9.88613250e-05
 5.72542160e-05 -3.00918180e-04 9.00721280e-05
 3.16700060e-05 -2.97485180e-04 8.17378900e-05
 7.05423100e-06 -2.84620390e-04 7.36545120e-05
 -1.82572080e-05 -2.74210470e-04 6.57401690e-05
 -4.34912800e-05 -2.78119460e-04 5.82284480e-05
 -6.28033670e-05 -2.80333360e-04 5.11379620e-05
 -7.33023260e-05 -2.74744380e-04 4.43709760e-05
 -7.46539010e-05 -2.68712760e-04 3.78200200e-05
 -6.91095190e-05 -2.62021470e-04 3.11819820e-05
 -6.10195460e-05 -2.54299640e-04 2.43205900e-05
 -5.42535050e-05 -2.52406900e-04 1.74017530e-05
 -5.38663410e-05 -2.60968950e-04 1.05427000e-05
 -5.96531240e-05 -2.73765360e-04 3.72975110e-06
 -6.65277910e-05 -2.87919390e-04 -2.81407210e-06
 -7.41579570e-05 -3.07794920e-04 -8.89943110e-06
 -8.37643600e-05 -3.33999870e-04 -1.45402590e-05
 -9.34447160e-05 -3.62947150e-04 -1.92784790e-05
 -1.00839700e-04 -3.91221200e-04 -2.26394480e-05
 -1.02877930e-04 -4.16705240e-04 -2.47867540e-05
 -9.80607070e-05 -4.40961560e-04 -2.58685400e-05
 -8.81864690e-05 -4.64626500e-04 -2.59911900e-05
 -7.55746080e-05 -4.87234440e-04 -2.54353840e-05
 -6.28299460e-05 -5.04637200e-04 -2.43568940e-05
 -5.07381080e-05 -5.07974300e-04 -2.29199940e-05
 -3.89000340e-05 -4.93837050e-04 -2.14334450e-05
 -2.65938780e-05 -4.64016630e-04 -2.01775730e-05
 -1.15109410e-05 -4.23371530e-04 -1.93639790e-05
 6.41367750e-06 -3.78384080e-04 -1.88608970e-05
 2.31031750e-05 -3.33577890e-04 -1.86697450e-05
 3.54827860e-05 -2.91085740e-04 -1.89672990e-05
 4.26691510e-05 -2.51080550e-04 -1.95276750e-05
 4.70712080e-05 -2.16107360e-04 -2.01065290e-05
 5.17649750e-05 -1.87906290e-04 -2.06492700e-05
 5.49681390e-05 -1.63236970e-04 -2.10080310e-05
 5.35294530e-05 -1.41964690e-04 -2.13128990e-05
 4.88115000e-05 -1.24647490e-04 -2.16286390e-05
 4.24478310e-05 -1.07646180e-04 -2.17614800e-05
 3.55633750e-05 -9.20353200e-05 -2.19238350e-05
 2.90407880e-05 -8.17287800e-05 -2.22462200e-05
 2.27910970e-05 -7.62205600e-05 -2.26675580e-05
 1.70859290e-05 -7.47772940e-05 -2.33522570e-05
 1.20062510e-05 -7.64980870e-05 -2.42686270e-05
 6.21230130e-06 -7.81487910e-05 -2.52138890e-05
 -1.64461140e-07 -7.80047920e-05 -2.61429780e-05
 -6.23421420e-06 -7.62982380e-05 -2.69151280e-05
 -1.14490310e-05 -7.22981570e-05 -2.74738600e-05
 -1.49254090e-05 -6.62732780e-05 -2.79072010e-05
 -1.69361570e-05 -5.81245150e-05 -2.80376030e-05
 -1.83936700e-05 -4.77900790e-05 -2.79494940e-05
 -1.92099800e-05 -3.74997650e-05 -2.78361550e-05
 -1.97871560e-05 -2.92344250e-05 -2.75629430e-05
 -2.08345120e-05 -2.25487070e-05 -2.71935900e-05
 -2.26914200e-05 -1.71379650e-05 -2.69420870e-05
 -2.52988920e-05 -1.24965050e-05 -2.68364660e-05
 -2.84475610e-05 -8.29014330e-06 -2.68482400e-05
 -3.13887180e-05 -5.23641030e-06 -2.69171200e-05
 -3.41310370e-05 -3.99383950e-06 -2.69746050e-05
 -3.62749450e-05 -4.70371330e-06 -2.69984920e-05
 -3.73613580e-05 -5.94328280e-06 -2.69517820e-05
 -3.78948280e-05 -6.33086530e-06 -2.68191510e-05
 -3.79073140e-05 -6.35850210e-06 -2.65875010e-05
 -3.74008380e-05 -6.29334910e-06 -2.62091110e-05
 -3.67547250e-05 -6.27077000e-06 -2.56897270e-05
 -3.59668160e-05 -7.17453530e-06 -2.51096460e-05
 -3.52734570e-05 -8.21637510e-06 -2.44849160e-05
 -3.50189620e-05 -9.08132010e-06 -2.38252050e-05
 -3.49273910e-05 -1.00702530e-05 -2.32053240e-05
 -3.49637780e-05 -1.02317740e-05 -2.26660700e-05
 -3.50715020e-05 -9.68387210e-06 -2.21812410e-05
 -3.47929820e-05 -9.59241790e-06 -2.16927760e-05
 -3.42526110e-05 -9.14903740e-06 -2.11141740e-05
 -3.34021820e-05 -7.98352450e-06 -2.03665790e-05
 -3.17614980e-05 -7.08699420e-06 -1.94422700e-05
 -2.96501510e-05 -6.00037490e-06 -1.84200030e-05
 -2.74875600e-05 -4.59822060e-06 -1.73388200e-05
 -2.52947700e-05 -3.68259040e-06 -1.62734800e-05
 -2.30995790e-05 -2.81443340e-06 -1.53410550e-05
 -2.08332080e-05 -1.95917460e-06 -1.45065560e-05
 -1.83484010e-05 -1.54318520e-06 -1.37821190e-05
 -1.57433110e-05 -1.25270130e-06 -1.32191750e-05
 -1.29468100e-05 -1.21120380e-06 -1.27581270e-05
 -1.03673510e-05 -1.29400030e-06 -1.22959360e-05
 -8.69381980e-06 -6.95732920e-07 -1.18586860e-05
 -8.16240030e-06 -2.42852760e-07 -1.13775420e-05
 -8.95360150e-06 -5.99904470e-07 -1.08187510e-05
 -1.09969700e-05 -1.12215800e-06 -1.02671150e-05
 -1.36139310e-05 -1.90558460e-06 -9.74098930e-06
 -1.58651580e-05 -3.24982560e-06 -9.15913640e-06
 -1.71613080e-05 -4.63528430e-06 -8.49878780e-06
 -1.73429740e-05 -5.73923260e-06 -7.76940400e-06
 -1.67591610e-05 -6.51332630e-06 -7.00001150e-06
 -1.58062390e-05 -6.63755420e-06 -6.24317360e-06
 -1.45864840e-05 -6.33284530e-06 -5.50343070e-06
 -1.31990150e-05 -5.77737640e-06 -4.78554650e-06
 -1.19317210e-05 -4.92559730e-06 -4.10625530e-06
 -1.07152130e-05 -4.07232210e-06 -3.46129950e-06
 -9.45149900e-06 -3.37107920e-06 -2.84531780e-06
 -8.25915590e-06 -2.70970030e-06 -2.30266960e-06
 -7.10508860e-06 -2.12282840e-06 -1.83386340e-06
 -5.91261370e-06 -1.76262820e-06 -1.42882460e-06
 -4.72391090e-06 -1.51953700e-06 -1.09857130e-06
 -3.60365720e-06 -1.23528040e-06 -8.51232070e-07
 -2.54588530e-06 -1.10450620e-06 -6.56997200e-07
 -1.70573390e-06 -1.02186140e-06 -5.12012090e-07
 -1.10562950e-06 -8.92416440e-07 -4.06292970e-07
 -6.62385050e-07 -7.87425340e-07 -3.20743740e-07
 -3.67528860e-07 -7.29262350e-07 -2.49534480e-07
 -1.58208320e-07 -6.16417370e-07 -1.91233920e-07
 -2.62534370e-08 -4.89332650e-07 -1.42487370e-07
 5.23358420e-08 -3.90101630e-07 -1.02378380e-07
 5.70191790e-08 -3.05422390e-07 -7.29226310e-08
