 5.19291120e-07 3.98117320e-07 2.26214740e-07
 6.31721260e-07 5.08339160e-07 2.48179190e-07
 7.13686400e-07 6.06768480e-07 2.63181990e-07
 7.60191260e-07 6.86894740e-07 2.72007010e-07
 7.73760230e-07 7.47099310e-07 2.77235590e-07
 7.64523580e-07 7.90886760e-07 2.84561990e-07
 7.43556710e-07 8.22549170e-07 2.97256830e-07
 7.19452940e-07 8.44414440e-07 3.15304530e-07
 7.01149130e-07 8.61656930e-07 3.33127250e-07
 6.94352990e-07 8.79842450e-07 3.43342260e-07
 6.99667510e-07 8.99932330e-07 3.39192520e-07
 7.22348660e-07 9.24976010e-07 3.11704810e-07
 7.68504780e-07 9.60130250e-07 2.61373630e-07
 8.42707550e-07 1.00908260e-06 1.95344730e-07
 9.45875000e-07 1.07171950e-06 1.22463990e-07
 1.07646430e-06 1.14615910e-06 5.18901690e-08
 1.22511230e-06 1.22176810e-06 -1.02869410e-08
 1.37975750e-06 1.28784650e-06 -5.84481480e-08
 1.52203790e-06 1.33433510e-06 -9.01533990e-08
 1.63528990e-06 1.35470380e-06 -1.07909910e-07
 1.71411740e-06 1.34819740e-06 -1.21548200e-07
 1.76347610e-06 1.32241550e-06 -1.41924100e-07
 1.79972120e-06 1.29997350e-06 -1.79047330e-07
 1.84340690e-06 1.30449750e-06 -2.32537260e-07
 1.91341410e-06 1.35231040e-06 -2.96822290e-07
 2.02036860e-06 1.45078680e-06 -3.65126850e-07
 2.15890870e-06 1.59492300e-06 -4.22104820e-07
 2.31579500e-06 1.77133960e-06 -4.58508420e-07
 2.47638290e-06 1.96563130e-06 -4.69213400e-07
 2.62498860e-06 2.16602030e-06 -4.49035210e-07
 2.74747230e-06 2.35978130e-06 -3.91081870e-07
 2.83660980e-06 2.53676060e-06 -2.82962190e-07
 2.89149470e-06 2.69370730e-06 -1.14801740e-07
 2.91651440e-06 2.83773580e-06 1.21132330e-07
 2.91664880e-06 2.97472770e-06 4.28185160e-07
 2.88939170e-06 3.10031600e-06 8.00011380e-07
 2.82995460e-06 3.21158060e-06 1.21470660e-06
 2.73544880e-06 3.30913330e-06 1.64788580e-06
 2.60806750e-06 3.39669420e-06 2.07231280e-06
 2.44389430e-06 3.47679130e-06 2.45983260e-06
 2.22839910e-06 3.54785240e-06 2.78373090e-06
 1.94463930e-06 3.60430980e-06 3.02226770e-06
 1.57706010e-06 3.64139830e-06 3.17319750e-06
 1.11204470e-06 3.65147120e-06 3.25920880e-06
 5.51039020e-07 3.62363180e-06 3.31937440e-06
 -8.16728940e-08 3.55378730e-06 3.39211530e-06
 -7.44499800e-07 3.44684280e-06 3.50903950e-06
 -1.38292150e-06 3.31628780e-06 3.68998420e-06
 -1.93403460e-06 3.18301360e-06 3.93189750e-06
 -2.34277900e-06 3.07243000e-06 4.21036980e-06
 -2.58151520e-06 3.00653600e-06 4.49644490e-06
 -2.64926760e-06 2.99366550e-06 4.76333800e-06
 -2.56071190e-06 3.03044640e-06 4.98091640e-06
 -2.34881420e-06 3.10484530e-06 5.11831150e-06
 -2.06293630e-06 3.19506670e-06 5.14730120e-06
 -1.74990040e-06 3.27675730e-06 5.03879570e-06
 -1.43630120e-06 3.33848490e-06 4.76959120e-06
 -1.12919340e-06 3.38142740e-06 4.33966990e-06
 -8.26806170e-07 3.41401870e-06 3.77927540e-06
 -5.25034810e-07 3.44844190e-06 3.13791200e-06
 -2.19050450e-07 3.49321090e-06 2.47129170e-06
 9.16823880e-08 3.55221500e-06 1.84027510e-06
 3.98289670e-07 3.62677720e-06 1.30491550e-06
 6.87455780e-07 3.71406330e-06 9.10206840e-07
 9.46608910e-07 3.80047820e-06 6.80430500e-07
 1.16170650e-06 3.86708830e-06 6.19823710e-07
 1.31872470e-06 3.90594870e-06 7.13354720e-07
 1.41414260e-06 3.91593950e-06 9.24270920e-07
 1.45868860e-06 3.89216980e-06 1.20068030e-06
 1.46296680e-06 3.83453430e-06 1.49328070e-06
 1.42883350e-06 3.75297420e-06 1.76123790e-06
 1.36062110e-06 3.65378400e-06 1.97207420e-06
 1.27325840e-06 3.53639300e-06 2.10965480e-06
 1.18857550e-06 3.41080890e-06 2.17635330e-06
 1.13185290e-06 3.30089420e-06 2.19031270e-06
 1.13267250e-06 3.22710550e-06 2.18638870e-06
 1.22578100e-06 3.21013770e-06 2.21630630e-06
 1.46070470e-06 3.29970250e-06 2.35191310e-06
 1.92789480e-06 3.58315760e-06 2.69651810e-06
 2.79765410e-06 4.20036990e-06 3.42706720e-06
 4.38633290e-06 5.40704150e-06 4.87850090e-06
 7.28975560e-06 7.68897460e-06 7.67950310e-06
 1.26377860e-05 1.19573110e-05 1.30115380e-05
 2.25494150e-05 1.99187600e-05 2.31096420e-05
 4.09553650e-05 3.47290660e-05 4.21606530e-05
 7.50292020e-05 6.21371870e-05 7.78347820e-05
 1.37579960e-04 1.12424390e-04 1.43808240e-04
 2.50432230e-04 2.03031810e-04 2.63238500e-04
 4.47357250e-04 3.60746170e-04 4.71548090e-04
 7.72186850e-04 6.20071950e-04 8.13604040e-04
 1.26783700e-03 1.01447110e-03 1.33068520e-03
 1.95906780e-03 1.56289210e-03 2.04059710e-03
 2.83513960e-03 2.25634590e-03 2.91770910e-03
 3.83380800e-03 3.04520150e-03 3.87494360e-03
 4.83729410e-03 3.83566410e-03 4.76172610e-03
 5.70800760e-03 4.51813450e-03 5.40967100e-03
 6.35156780e-03 5.01761350e-03 5.70937900e-03
 6.74621020e-03 5.31716780e-03 5.64675410e-03
 6.94393320e-03 5.45918760e-03 5.30376840e-03
 7.03671570e-03 5.51773050e-03 4.81210650e-03
 7.10484060e-03 5.55824950e-03 4.28081300e-03
 7.21299600e-03 5.63725080e-03 3.79099230e-03
 7.41192470e-03 5.79795290e-03 3.40282590e-03
 7.69484830e-03 6.03188020e-03 3.11313940e-03
 7.99160540e-03 6.28132090e-03 2.86881950e-03
 8.27937670e-03 6.53262860e-03 2.68769640e-03
 8.58260130e-03 6.80820830e-03 2.62619300e-03
 8.89868010e-03 7.10714890e-03 2.68874640e-03
 9.16684050e-03 7.38095820e-03 2.78809130e-03
 9.34104160e-03 7.58871110e-03 2.82255020e-03
 9.43427160e-03 7.73723330e-03 2.75650880e-03
 9.47919300e-03 7.85657760e-03 2.59989130e-03
 9.47169120e-03 7.94414900e-03 2.35363100e-03
 9.38499350e-03 7.97415430e-03 2.02336720e-03
 9.22233520e-03 7.95037580e-03 1.63283360e-03
 8.98451080e-03 7.87117050e-03 1.15932580e-03
 8.65633600e-03 7.71590090e-03 5.66732950e-04
 8.24392210e-03 7.48616550e-03 -1.16486390e-04
 7.79173520e-03 7.22462960e-03 -8.15828910e-04
 7.34985570e-03 6.97737560e-03 -1.46326990e-03
 6.94459350e-03 6.76888740e-03 -2.01916440e-03
 6.57812970e-03 6.59709190e-03 -2.48581080e-03
 6.21058420e-03 6.41105600e-03 -2.92900830e-03
 5.80991620e-03 6.17598180e-03 -3.40640150e-03
 5.39393260e-03 5.91874630e-03 -3.87957670e-03
 5.01033620e-03 5.69386830e-03 -4.25656880e-03
 4.68839750e-03 5.52696690e-03 -4.47792050e-03
 4.45352820e-03 5.43165910e-03 -4.52578810e-03
 4.35860830e-03 5.44083720e-03 -4.40512180e-03
 4.46676000e-03 5.60171340e-03 -4.10983850e-03
 4.83096340e-03 5.97063960e-03 -3.60796950e-03
 5.46572030e-03 6.57580750e-03 -2.87044470e-03
 6.30316980e-03 7.35368720e-03 -1.96988650e-03
 7.20573680e-03 8.16524120e-03 -1.09829470e-03
 8.03605090e-03 8.88251140e-03 -4.72879470e-04
 8.69523550e-03 9.42441260e-03 -2.67191990e-04
 9.13558060e-03 9.75457860e-03 -5.34993420e-04
 9.36075770e-03 9.87709590e-03 -1.18761630e-03
 9.41215080e-03 9.82995610e-03 -2.05532000e-03
 9.33129810e-03 9.64499640e-03 -2.99507640e-03
 9.14738790e-03 9.34688930e-03 -3.92030320e-03
 8.87755860e-03 8.96344330e-03 -4.76023830e-03
 8.50413650e-03 8.49955060e-03 -5.46464510e-03
 7.97419530e-03 7.92198720e-03 -6.03732330e-03
 7.22086150e-03 7.18385170e-03 -6.52254090e-03
 6.21539540e-03 6.27352340e-03 -6.95714540e-03
 5.01319720e-03 5.24483340e-03 -7.32927490e-03
 3.71239100e-03 4.17642530e-03 -7.59940730e-03
 2.37972690e-03 3.11558510e-03 -7.73731200e-03
 1.04154340e-03 2.07882140e-03 -7.74302150e-03
 -2.64088510e-04 1.10216250e-03 -7.63236410e-03
 -1.50573210e-03 2.25841850e-04 -7.42519130e-03
 -2.68427070e-03 -5.24592700e-04 -7.15194320e-03
 -3.81922910e-03 -1.11691050e-03 -6.83969030e-03
 -4.90966900e-03 -1.47628950e-03 -6.49423660e-03
 -5.95687520e-03 -1.51856060e-03 -6.13138640e-03
 -7.00502240e-03 -1.21037740e-03 -5.80713110e-03
 -8.10246170e-03 -5.78899230e-04 -5.59167100e-03
 -9.24498770e-03 2.71440600e-04 -5.49867610e-03
 -1.03050680e-02 1.19581830e-03 -5.41605710e-03
 -1.10536560e-02 2.01504610e-03 -5.10494920e-03
 -1.12867000e-02 2.56012100e-03 -4.29733610e-03
 -1.09575370e-02 2.79230250e-03 -2.91065170e-03
 -1.01797650e-02 2.79734840e-03 -1.12461880e-03
 -9.12678890e-03 2.58223600e-03 8.38264300e-04
 -7.97366260e-03 2.07250080e-03 2.86511840e-03
 -6.90752590e-03 1.21776710e-03 4.76802000e-03
 -6.07000990e-03 2.65939270e-05 6.29602750e-03
 -5.48570880e-03 -1.44825990e-03 7.44955240e-03
 -5.12993010e-03 -3.11199950e-03 8.37645490e-03
 -4.99092180e-03 -4.87301960e-03 9.04373360e-03
 -5.02269200e-03 -6.70032390e-03 9.35297090e-03
 -5.18433980e-03 -8.52162200e-03 9.40937080e-03
 -5.46477830e-03 -1.02096090e-02 9.45457540e-03
 -5.83621390e-03 -1.16768940e-02 9.56633690e-03
 -6.19005740e-03 -1.29438060e-02 9.56784750e-03
 -6.48545430e-03 -1.41139680e-02 9.28556640e-03
 -6.77711330e-03 -1.51948700e-02 8.81268180e-03
 -7.14251030e-03 -1.61293800e-02 8.25306680e-03
 -7.53740270e-03 -1.68900620e-02 7.49423260e-03
 -7.94181690e-03 -1.75172670e-02 6.39495860e-03
 -8.37508590e-03 -1.80007540e-02 5.03373100e-03
 -8.80766570e-03 -1.83224980e-02 3.56900460e-03
 -9.14546570e-03 -1.84911300e-02 2.01977740e-03
 -9.38169290e-03 -1.84735430e-02 3.08451420e-04
 -9.66935230e-03 -1.81683450e-02 -1.52196160e-03
 -1.00221620e-02 -1.75426470e-02 -3.39943870e-03
 -1.02269500e-02 -1.66625790e-02 -5.38930860e-03
 -1.02145410e-02 -1.55745980e-02 -7.54110650e-03
 -1.01645710e-02 -1.43262170e-02 -9.73899660e-03
 -1.01396220e-02 -1.30515690e-02 -1.18236360e-02
 -9.95191560e-03 -1.19367870e-02 -1.37299220e-02
 -9.47867710e-03 -1.10277740e-02 -1.54371860e-02
 -8.78946300e-03 -1.02268910e-02 -1.68993100e-02
 -7.91322530e-03 -9.43431350e-03 -1.80980300e-02
 -6.79768580e-03 -8.59575160e-03 -1.90434900e-02
 -5.50451740e-03 -7.67374780e-03 -1.97020550e-02
 -4.15719250e-03 -6.61181660e-03 -1.99960510e-02
 -2.84320440e-03 -5.37014570e-03 -1.98864810e-02
 -1.51036050e-03 -3.89905250e-03 -1.93773490e-02
 -1.05955780e-04 -2.18073120e-03 -1.84646380e-02
 1.30132780e-03 -2.35299140e-04 -1.71379780e-02
 2.60832160e-03 1.85225050e-03 -1.54380200e-02
 3.80755080e-03 3.94564400e-03 -1.34098180e-02
 4.91615380e-03 5.94906880e-03 -1.10481270e-02
 5.90310060e-03 7.82323810e-03 -8.38396140e-03
 6.74537290e-03 9.52530750e-03 -5.53403560e-03
 7.51561620e-03 1.10215790e-02 -2.62240810e-03
 8.26340350e-03 1.22752080e-02 2.84929670e-04
 8.93587430e-03 1.32509860e-02 3.15514070e-03
 9.43693520e-03 1.39153880e-02 5.95006630e-03
 9.75091850e-03 1.42550190e-02 8.63787810e-03
 9.92777110e-03 1.43124020e-02 1.11937330e-02
 1.00018640e-02 1.41527920e-02 1.35920880e-02
 9.94795470e-03 1.37992500e-02 1.58128650e-02
 9.74224510e-03 1.32417690e-02 1.78503930e-02
 9.35232830e-03 1.24477630e-02 1.97090260e-02
 8.75091650e-03 1.13655460e-02 2.13590040e-02
 7.92018140e-03 9.99334180e-03 2.27359630e-02
 6.85227060e-03 8.37824870e-03 2.37550940e-02
 5.52975340e-03 6.58778890e-03 2.43424830e-02
 3.95860900e-03 4.68435320e-03 2.44715330e-02
 2.20432710e-03 2.74468680e-03 2.41451620e-02
 3.86567230e-04 8.59027030e-04 2.33423280e-02
 -1.38497500e-03 -9.24557390e-04 2.20665910e-02
 -3.03422360e-03 -2.58715730e-03 2.03819520e-02
 -4.48790570e-03 -4.07026480e-03 1.83670630e-02
 -5.67488510e-03 -5.28407560e-03 1.60723590e-02
 -6.56963190e-03 -6.18946970e-03 1.35662140e-02
 -7.19944760e-03 -6.78788220e-03 1.09404690e-02
 -7.60262410e-03 -7.11875360e-03 8.30551050e-03
 -7.78893060e-03 -7.22997820e-03 5.76676470e-03
 -7.73971990e-03 -7.13560080e-03 3.39733690e-03
 -7.43039790e-03 -6.82415580e-03 1.22870200e-03
 -6.86228230e-03 -6.31627630e-03 -7.02732300e-04
 -6.06715310e-03 -5.67884790e-03 -2.34016400e-03
 -5.09850450e-03 -4.98300700e-03 -3.63715780e-03
 -4.03415180e-03 -4.28512040e-03 -4.57620810e-03
 -2.98069320e-03 -3.64018120e-03 -5.15160010e-03
 -2.03617130e-03 -3.09574020e-03 -5.36995850e-03
 -1.23841120e-03 -2.65578810e-03 -5.28408540e-03
 -5.81538600e-04 -2.29180630e-03 -4.97691610e-03
 -5.35366820e-05 -1.97946510e-03 -4.52525730e-03
 3.52010630e-04 -1.70891200e-03 -3.99286720e-03
 6.47167150e-04 -1.48266930e-03 -3.43742990e-03
 8.41390810e-04 -1.31645360e-03 -2.90176060e-03
 9.34979010e-04 -1.22201360e-03 -2.41290640e-03
 9.37958130e-04 -1.18529780e-03 -1.99363680e-03
 8.86285270e-04 -1.17276760e-03 -1.66453670e-03
 8.20239710e-04 -1.15952970e-03 -1.44071910e-03
 7.66731860e-04 -1.12964700e-03 -1.32754530e-03
 7.37777620e-04 -1.06327260e-03 -1.31293790e-03
 7.29509860e-04 -9.46254120e-04 -1.36760920e-03
 7.25416760e-04 -7.88032600e-04 -1.45440700e-03
 7.24493410e-04 -6.03191320e-04 -1.53882010e-03
 7.34184460e-04 -3.99966290e-04 -1.59010760e-03
 7.41888070e-04 -1.90546930e-04 -1.58362380e-03
 7.19591860e-04 1.77564900e-06 -1.50337970e-03
 6.58593260e-04 1.63197010e-04 -1.34913320e-03
 5.69133150e-04 2.94546360e-04 -1.13801290e-03
 4.57760470e-04 3.95383450e-04 -8.95989480e-04
 3.26449920e-04 4.59770210e-04 -6.50835050e-04
 1.81622580e-04 4.90573350e-04 -4.33245030e-04
 2.62029610e-05 4.94586360e-04 -2.70754360e-04
 -1.38870130e-04 4.74014700e-04 -1.84162720e-04
 -3.02940900e-04 4.34053360e-04 -1.88960660e-04
 -4.50462280e-04 3.84747750e-04 -2.91225010e-04
 -5.73004830e-04 3.34212210e-04 -4.82948580e-04
 -6.59707410e-04 2.90115010e-04 -7.45952770e-04
 -7.03532600e-04 2.57536160e-04 -1.05530360e-03
 -7.05147050e-04 2.37353500e-04 -1.37963480e-03
 -6.67473530e-04 2.29505300e-04 -1.68705700e-03
 -5.91787450e-04 2.33571180e-04 -1.95037760e-03
 -4.79997920e-04 2.51922960e-04 -2.15041400e-03
 -3.43236840e-04 2.81754820e-04 -2.27336450e-03
 -1.98243670e-04 3.16947170e-04 -2.31435780e-03
 -5.89617270e-05 3.55249360e-04 -2.27714800e-03
 6.68391590e-05 3.94511710e-04 -2.17335720e-03
 1.73584820e-04 4.30011310e-04 -2.01732870e-03
 2.60563160e-04 4.55602360e-04 -1.82653540e-03
 3.27520190e-04 4.65855990e-04 -1.62025440e-03
 3.73424210e-04 4.58001330e-04 -1.41399640e-03
 3.97878200e-04 4.32751400e-04 -1.21945270e-03
 4.02868230e-04 3.93686060e-04 -1.04494940e-03
 3.92262650e-04 3.46495330e-04 -8.96680690e-04
 3.70213010e-04 2.96452080e-04 -7.77403420e-04
 3.40537280e-04 2.46959100e-04 -6.86106210e-04
 3.07733660e-04 2.00228980e-04 -6.19692670e-04
 2.75144990e-04 1.56245500e-04 -5.73672240e-04
 2.45481500e-04 1.17091890e-04 -5.43256000e-04
 2.21972620e-04 8.48863200e-05 -5.24015460e-04
 2.06130600e-04 6.11371510e-05 -5.12476020e-04
 1.96359540e-04 4.61802590e-05 -5.04616070e-04
 1.91597300e-04 3.93492410e-05 -4.98007230e-04
 1.90124560e-04 3.90256970e-05 -4.91063690e-04
 1.90778300e-04 4.29174070e-05 -4.83001380e-04
 1.92401640e-04 4.96641730e-05 -4.73657510e-04
 1.93252550e-04 5.80595480e-05 -4.62747960e-04
 1.93042270e-04 6.72104650e-05 -4.50474210e-04
 1.91630580e-04 7.58220920e-05 -4.37438600e-04
 1.88752940e-04 8.28606720e-05 -4.24129390e-04
 1.83819590e-04 8.75960470e-05 -4.10427660e-04
 1.76969490e-04 9.02570320e-05 -3.96456710e-04
 1.68283020e-04 9.06624550e-05 -3.82090710e-04
 1.58640610e-04 9.01300740e-05 -3.67585070e-04
 1.48972510e-04 9.00759040e-05 -3.53208280e-04
 1.39676600e-04 9.08929430e-05 -3.38885030e-04
 1.31212200e-04 9.25694770e-05 -3.24733320e-04
 1.23749390e-04 9.50331520e-05 -3.10836940e-04
 1.17345010e-04 9.86009180e-05 -2.97377320e-04
 1.12050450e-04 1.03392850e-04 -2.84461130e-04
 1.08098990e-04 1.08965980e-04 -2.72142440e-04
 1.05793890e-04 1.14679480e-04 -2.60435690e-04
 1.05071230e-04 1.20269350e-04 -2.49165460e-04
 1.05647360e-04 1.25674950e-04 -2.37982660e-04
 1.06843200e-04 1.30565840e-04 -2.26471970e-04
 1.08131480e-04 1.34437870e-04 -2.14509560e-04
 1.09118800e-04 1.36840360e-04 -2.02092780e-04
 1.09515790e-04 1.37466700e-04 -1.89275570e-04
 1.08967790e-04 1.36207480e-04 -1.76030490e-04
 1.07433300e-04 1.33116960e-04 -1.62468870e-04
 1.04900350e-04 1.28208380e-04 -1.48879830e-04
 1.01352190e-04 1.21940980e-04 -1.35403560e-04
 9.66252850e-05 1.14826160e-04 -1.22147360e-04
 9.08512810e-05 1.07325130e-04 -1.09193720e-04
 8.43780580e-05 9.98751350e-05 -9.68056770e-05
 7.78491160e-05 9.31050310e-05 -8.54227400e-05
 7.14646810e-05 8.71397420e-05 -7.51671540e-05
 6.55722320e-05 8.21901490e-05 -6.62245440e-05
 6.03708580e-05 7.80195550e-05 -5.85764610e-05
 5.60370570e-05 7.41459590e-05 -5.21118850e-05
 5.25226930e-05 6.99929810e-05 -4.66365050e-05
 4.92262810e-05 6.53053210e-05 -4.18081980e-05
 4.55644590e-05 5.98127590e-05 -3.73825460e-05
 4.13055680e-05 5.34908720e-05 -3.32037200e-05
 3.64462720e-05 4.64943260e-05 -2.91981360e-05
 3.09247550e-05 3.92206350e-05 -2.54159290e-05
 2.52214490e-05 3.22201740e-05 -2.18975350e-05
 1.96581840e-05 2.58199710e-05 -1.87492110e-05
 1.47087790e-05 2.03260840e-05 -1.60844480e-05
 1.06628790e-05 1.58394560e-05 -1.39157300e-05
 7.60255670e-06 1.22050750e-05 -1.21719380e-05
 5.28063400e-06 9.34956190e-06 -1.07108100e-05
 3.65462800e-06 7.16287380e-06 -9.40569590e-06
 2.60199320e-06 5.53097790e-06 -8.23713980e-06
 2.02080310e-06 4.38876800e-06 -7.20744220e-06
 1.84909770e-06 3.65139040e-06 -6.25763600e-06
 1.72386840e-06 3.04480730e-06 -5.36084600e-06
 1.55648710e-06 2.50073160e-06 -4.47680490e-06
 1.31837690e-06 1.95755300e-06 -3.61496430e-06
 9.99377560e-07 1.38993780e-06 -2.79836290e-06
