 -1.53230130e-07 -3.64310470e-09 -2.53195490e-08
 -1.64623360e-07 -1.40465620e-07 -4.59982270e-08
 -1.64715980e-07 -3.03622610e-07 -7.66467710e-08
 -1.51686560e-07 -4.86287770e-07 -1.17437530e-07
 -1.25115480e-07 -6.75178230e-07 -1.67230250e-07
 -8.65041090e-08 -8.53903030e-07 -2.23076480e-07
 -3.76043370e-08 -1.00194970e-06 -2.82060170e-07
 1.90600890e-08 -1.10633290e-06 -3.40384700e-07
 8.11603160e-08 -1.15796830e-06 -3.94163410e-07
 1.46229980e-07 -1.15283230e-06 -4.39002320e-07
 2.10841590e-07 -1.09452560e-06 -4.70465120e-07
 2.70141670e-07 -9.88922350e-07 -4.84798930e-07
 3.20106550e-07 -8.48199360e-07 -4.82385250e-07
 3.57988770e-07 -6.86642470e-07 -4.66408070e-07
 3.82389150e-07 -5.17823030e-07 -4.41465860e-07
 3.93569910e-07 -3.52412310e-07 -4.13026040e-07
 3.93343730e-07 -1.98458420e-07 -3.86232100e-07
 3.85085740e-07 -5.07655180e-08 -3.65630830e-07
 3.72023090e-07 1.01746790e-07 -3.53598350e-07
 3.57528960e-07 2.70241490e-07 -3.50771640e-07
 3.45358050e-07 4.61818730e-07 -3.56888190e-07
 3.38047070e-07 6.77113750e-07 -3.70720390e-07
 3.34642780e-07 9.15845590e-07 -3.88821630e-07
 3.32770780e-07 1.17347130e-06 -4.07839340e-07
 3.31042430e-07 1.43552650e-06 -4.25612710e-07
 3.28092970e-07 1.68249060e-06 -4.39888480e-07
 3.21595760e-07 1.90018870e-06 -4.49186810e-07
 3.09343530e-07 2.07892300e-06 -4.53083170e-07
 2.90650150e-07 2.21034130e-06 -4.52375160e-07
 2.65818730e-07 2.28823000e-06 -4.47345510e-07
 2.36109360e-07 2.31290140e-06 -4.38504320e-07
 2.04079560e-07 2.28952060e-06 -4.28746060e-07
 1.73175980e-07 2.23273360e-06 -4.22905880e-07
 1.45676370e-07 2.16358900e-06 -4.23665280e-07
 1.22758320e-07 2.09581050e-06 -4.31418100e-07
 1.05738430e-07 2.03391260e-06 -4.45431770e-07
 9.41210840e-08 1.98356160e-06 -4.62559740e-07
 8.10332780e-08 1.94730860e-06 -4.75577250e-07
 5.42546520e-08 1.92451670e-06 -4.76435300e-07
 -1.42611110e-09 1.92010730e-06 -4.59716200e-07
 -1.05072020e-07 1.93977830e-06 -4.23571270e-07
 -2.76554400e-07 1.97941860e-06 -3.68204210e-07
 -5.30899800e-07 2.04074560e-06 -2.96154780e-07
 -8.74406510e-07 2.13592170e-06 -2.11691760e-07
 -1.29739810e-06 2.26298060e-06 -1.19463880e-07
 -1.77194140e-06 2.41076190e-06 -2.51544240e-08
 -2.25715420e-06 2.57868670e-06 6.41905090e-08
 -2.71031350e-06 2.75996490e-06 1.42776390e-07
 -3.09715410e-06 2.93147920e-06 2.07806610e-07
 -3.39702960e-06 3.09016240e-06 2.58378150e-07
 -3.60340940e-06 3.24260960e-06 2.95269500e-07
 -3.72141790e-06 3.38197360e-06 3.21141070e-07
 -3.76437110e-06 3.50522150e-06 3.39080260e-07
 -3.75026070e-06 3.62824360e-06 3.52314340e-07
 -3.69977850e-06 3.75750050e-06 3.64623110e-07
 -3.63166170e-06 3.88738140e-06 3.79665520e-07
 -3.55810310e-06 4.01394850e-06 3.99592300e-07
 -3.48663320e-06 4.12023660e-06 4.23243560e-07
 -3.42267780e-06 4.19569510e-06 4.46828980e-07
 -3.36810310e-06 4.24197790e-06 4.63662560e-07
 -3.32151350e-06 4.25075360e-06 4.63988240e-07
 -3.28096030e-06 4.21514410e-06 4.37176960e-07
 -3.25080490e-06 4.14133820e-06 3.74321590e-07
 -3.24486610e-06 4.04228970e-06 2.65826370e-07
 -3.29125580e-06 3.93339410e-06 9.38544180e-08
 -3.44635490e-06 3.81248860e-06 -1.77142670e-07
 -3.81606880e-06 3.64471130e-06 -6.18633180e-07
 -4.58833480e-06 3.37025720e-06 -1.36838100e-06
 -6.09691410e-06 2.87092370e-06 -2.68600020e-06
 -8.94532790e-06 1.90543380e-06 -5.04557650e-06
 -1.42157590e-05 4.95366770e-08 -9.29604720e-06
 -2.38129650e-05 -3.44774180e-06 -1.69292650e-05
 -4.09727760e-05 -9.93062080e-06 -3.04667480e-05
 -7.08542870e-05 -2.17111520e-05 -5.38699020e-05
 -1.20877080e-04 -4.25704460e-05 -9.26700380e-05
 -1.99895820e-04 -7.83091380e-05 -1.53022060e-04
 -3.15676270e-04 -1.36967380e-04 -2.39258080e-04
 -4.71117560e-04 -2.28338250e-04 -3.50430670e-04
 -6.59991000e-04 -3.62513700e-04 -4.76688990e-04
 -8.63335150e-04 -5.47366220e-04 -5.96747330e-04
 -1.05113730e-03 -7.85234790e-04 -6.80718570e-04
 -1.19757020e-03 -1.07083950e-03 -7.05168000e-04
 -1.29714360e-03 -1.39307490e-03 -6.68179480e-04
 -1.36726510e-03 -1.73959710e-03 -5.91295310e-04
 -1.43582050e-03 -2.10127510e-03 -5.07165970e-04
 -1.52947030e-03 -2.47420350e-03 -4.45621520e-04
 -1.66312570e-03 -2.85992700e-03 -4.20283500e-04
 -1.83172130e-03 -3.26283670e-03 -4.21797830e-04
 -2.02483240e-03 -3.68717800e-03 -4.35749910e-04
 -2.24313650e-03 -4.13753510e-03 -4.62111640e-04
 -2.48962920e-03 -4.61981590e-03 -5.07532270e-04
 -2.75443730e-03 -5.13852020e-03 -5.68518010e-04
 -3.02013850e-03 -5.69219240e-03 -6.30628430e-04
 -3.28505830e-03 -6.27443940e-03 -6.84126160e-04
 -3.55866340e-03 -6.88050780e-03 -7.24695040e-04
 -3.84248540e-03 -7.50916030e-03 -7.45012020e-04
 -4.12327330e-03 -8.15965050e-03 -7.35132720e-04
 -4.37431320e-03 -8.82760340e-03 -6.79608780e-04
 -4.58717630e-03 -9.50383770e-03 -5.76587040e-04
 -4.78959460e-03 -1.01797010e-02 -4.53339600e-04
 -5.01073110e-03 -1.08526750e-02 -3.38600600e-04
 -5.24880460e-03 -1.15243330e-02 -2.37774980e-04
 -5.47515230e-03 -1.21930150e-02 -1.31068630e-04
 -5.68201580e-03 -1.28501440e-02 -5.30955500e-06
 -5.90476110e-03 -1.34887470e-02 1.18469130e-04
 -6.17066210e-03 -1.41117840e-02 2.20891760e-04
 -6.45830950e-03 -1.47260770e-02 3.15449200e-04
 -6.72145280e-03 -1.53307110e-02 4.33955810e-04
 -6.95791420e-03 -1.59175450e-02 5.83489890e-04
 -7.20330790e-03 -1.64834450e-02 7.45631230e-04
 -7.44239330e-03 -1.70322860e-02 9.35772550e-04
 -7.60891610e-03 -1.75603240e-02 1.19879930e-03
 -7.68062840e-03 -1.80514230e-02 1.53850660e-03
 -7.71658310e-03 -1.84908660e-02 1.90637250e-03
 -7.78095470e-03 -1.88798640e-02 2.25892520e-03
 -7.86791650e-03 -1.92314420e-02 2.59922720e-03
 -7.95526520e-03 -1.95550920e-02 2.93372690e-03
 -8.06474780e-03 -1.98565700e-02 3.23988100e-03
 -8.20654350e-03 -2.01464630e-02 3.52036910e-03
 -8.33847470e-03 -2.04341080e-02 3.81404320e-03
 -8.40958860e-03 -2.07143610e-02 4.14311370e-03
 -8.40589680e-03 -2.09643800e-02 4.50561380e-03
 -8.33726390e-03 -2.11461750e-02 4.89734530e-03
 -8.22327470e-03 -2.12020930e-02 5.30235700e-03
 -8.09812170e-03 -2.10429970e-02 5.67891910e-03
 -7.99747460e-03 -2.05336400e-02 5.97529670e-03
 -7.94204880e-03 -1.94638860e-02 6.15271740e-03
 -7.92541260e-03 -1.75088030e-02 6.18011690e-03
 -7.92211670e-03 -1.42018710e-02 6.00607040e-03
 -7.88376390e-03 -8.88389630e-03 5.55615410e-03
 -7.72626840e-03 -7.64846860e-04 4.75327070e-03
 -7.35331000e-03 1.08093020e-02 3.52603830e-03
 -6.69437270e-03 2.62339730e-02 1.79617890e-03
 -5.72403240e-03 4.54249270e-02 -4.92754160e-04
 -4.44684830e-03 6.72272890e-02 -3.27030760e-03
 -2.87386120e-03 8.96200020e-02 -6.32128630e-03
 -1.02100890e-03 1.10939400e-01 -9.42940820e-03
 1.07423540e-03 1.30185000e-01 -1.24429640e-02
 3.34518470e-03 1.46122500e-01 -1.51840220e-02
 5.71432520e-03 1.57582500e-01 -1.74675380e-02
 8.07225240e-03 1.63928900e-01 -1.91771110e-02
 1.02555360e-02 1.64245900e-01 -2.01912990e-02
 1.20830210e-02 1.57480300e-01 -2.03643270e-02
 1.33908470e-02 1.43437100e-01 -1.96200460e-02
 1.40510730e-02 1.22371500e-01 -1.79397710e-02
 1.40615630e-02 9.57124460e-02 -1.54362460e-02
 1.36004220e-02 6.72296140e-02 -1.24832780e-02
 1.29244360e-02 4.09348610e-02 -9.53777230e-03
 1.22714700e-02 1.92767740e-02 -6.93806260e-03
 1.18095420e-02 3.67037740e-03 -4.89941190e-03
 1.15881430e-02 -5.54320360e-03 -3.50716060e-03
 1.15583580e-02 -9.56212640e-03 -2.67929700e-03
 1.16528780e-02 -9.85404570e-03 -2.28240430e-03
 1.18081770e-02 -7.66775660e-03 -2.18356240e-03
 1.19744570e-02 -4.51770010e-03 -2.22188160e-03
 1.21199030e-02 -1.98647470e-03 -2.24308810e-03
 1.22240270e-02 -1.09221590e-03 -2.13465720e-03
 1.22560660e-02 -2.46108650e-03 -1.77924660e-03
 1.21759690e-02 -6.22515290e-03 -1.07027820e-03
 1.19474720e-02 -1.19546550e-02 1.97189000e-05
 1.15470920e-02 -1.91409870e-02 1.43728070e-03
 1.09523730e-02 -2.75099450e-02 3.10726600e-03
 1.01355420e-02 -3.66949290e-02 4.92903450e-03
 9.08798070e-03 -4.60499750e-02 6.75250590e-03
 7.84160570e-03 -5.50156240e-02 8.41543640e-03
 6.46792450e-03 -6.29508050e-02 9.79312230e-03
 5.05654140e-03 -6.90438670e-02 1.08047780e-02
 3.69028370e-03 -7.27233890e-02 1.14369490e-02
 2.43166420e-03 -7.38903280e-02 1.17222320e-02
 1.31325260e-03 -7.27818090e-02 1.16991050e-02
 3.34000420e-04 -6.99135070e-02 1.14307480e-02
 -5.35813390e-04 -6.59220890e-02 1.09956210e-02
 -1.32563570e-03 -6.13353850e-02 1.04439130e-02
 -2.04426960e-03 -5.64709490e-02 9.79987720e-03
 -2.68023410e-03 -5.14779580e-02 9.08689670e-03
 -3.21885500e-03 -4.64693380e-02 8.32545570e-03
 -3.64476090e-03 -4.15880050e-02 7.52870650e-03
 -3.94790900e-03 -3.69948000e-02 6.70883800e-03
 -4.13141630e-03 -3.27929740e-02 5.87468500e-03
 -4.19960220e-03 -2.89767760e-02 5.03599740e-03
 -4.15415040e-03 -2.54990940e-02 4.20482320e-03
 -4.01349600e-03 -2.25105450e-02 3.39652040e-03
 -3.80389760e-03 -2.01191860e-02 2.63553600e-03
 -3.55006800e-03 -1.81351970e-02 1.95462720e-03
 -3.28986090e-03 -1.63767430e-02 1.38178670e-03
 -3.05078460e-03 -1.48615830e-02 9.27924350e-04
 -2.83120690e-03 -1.35323510e-02 5.97647510e-04
 -2.62785960e-03 -1.22242450e-02 3.90692910e-04
 -2.44921520e-03 -1.08150380e-02 2.92783950e-04
 -2.29522210e-03 -9.21023080e-03 2.80961630e-04
 -2.15998410e-03 -7.39066630e-03 3.27481890e-04
 -2.04451220e-03 -5.43274820e-03 4.06369300e-04
 -1.95366030e-03 -3.40598150e-03 5.02324780e-04
 -1.89522760e-03 -1.27870020e-03 5.97940930e-04
 -1.87765710e-03 9.01833470e-04 6.70696030e-04
 -1.89950210e-03 3.01399220e-03 7.09732180e-04
 -1.94680100e-03 5.01572710e-03 7.08622280e-04
 -2.00563320e-03 6.84314270e-03 6.57759020e-04
 -2.06222550e-03 8.39211610e-03 5.57384160e-04
 -2.09894570e-03 9.68042570e-03 4.12643920e-04
 -2.10410680e-03 1.07533760e-02 2.24020990e-04
 -2.08271640e-03 1.15333720e-02 -2.23198210e-06
 -2.04249380e-03 1.19781900e-02 -2.57609760e-04
 -1.98333360e-03 1.21203100e-02 -5.33299700e-04
 -1.90561060e-03 1.19779970e-02 -8.08575130e-04
 -1.80889410e-03 1.15877370e-02 -1.06689250e-03
 -1.68836780e-03 1.10225840e-02 -1.30428320e-03
 -1.53809940e-03 1.03167990e-02 -1.51582570e-03
 -1.35750450e-03 9.47104300e-03 -1.69682920e-03
 -1.14765010e-03 8.51205550e-03 -1.84559530e-03
 -9.12532440e-04 7.47761500e-03 -1.95783140e-03
 -6.61743750e-04 6.40137030e-03 -2.03096280e-03
 -4.09144730e-04 5.33051320e-03 -2.06541040e-03
 -1.67454070e-04 4.29847600e-03 -2.05894980e-03
 5.20168000e-05 3.30258230e-03 -2.01236220e-03
 2.36284610e-04 2.33210600e-03 -1.93117590e-03
 3.75589710e-04 1.38684630e-03 -1.81824030e-03
 4.61003280e-04 4.46999360e-04 -1.67832200e-03
 4.83615700e-04 -5.16759290e-04 -1.52004910e-03
 4.40606090e-04 -1.50672570e-03 -1.35143900e-03
 3.38539570e-04 -2.51179440e-03 -1.18078160e-03
 1.93934800e-04 -3.48377740e-03 -1.01711400e-03
 3.15161780e-05 -4.33156590e-03 -8.70251500e-04
 -1.19705410e-04 -4.97836430e-03 -7.48959200e-04
 -2.38344250e-04 -5.36247160e-03 -6.57984870e-04
 -3.16503840e-04 -5.45376870e-03 -5.96987140e-04
 -3.57317740e-04 -5.27981720e-03 -5.62869940e-04
 -3.67212230e-04 -4.90052530e-03 -5.52071900e-04
 -3.53694920e-04 -4.39249490e-03 -5.60933030e-04
 -3.28193450e-04 -3.84962930e-03 -5.84915690e-04
 -3.02760160e-04 -3.31877030e-03 -6.18604830e-04
 -2.85147140e-04 -2.80604560e-03 -6.57802560e-04
 -2.78811700e-04 -2.32281580e-03 -6.97847750e-04
 -2.83377510e-04 -1.88523920e-03 -7.33771300e-04
 -2.91498870e-04 -1.47884510e-03 -7.64554190e-04
 -2.92473120e-04 -1.06472690e-03 -7.91273200e-04
 -2.80829230e-04 -6.19250290e-04 -8.13168420e-04
 -2.57148840e-04 -1.66010770e-04 -8.27152810e-04
 -2.25938780e-04 2.45341510e-04 -8.29693860e-04
 -1.90723370e-04 5.79575890e-04 -8.20337790e-04
 -1.51955860e-04 8.27180750e-04 -8.00924720e-04
 -1.10937230e-04 1.01037710e-03 -7.72941390e-04
 -7.34857750e-05 1.14777750e-03 -7.36653570e-04
 -4.24524480e-05 1.25244570e-03 -6.92902540e-04
 -1.74862450e-05 1.34114020e-03 -6.44041170e-04
 1.55288580e-06 1.42577510e-03 -5.92731230e-04
 1.53568290e-05 1.52222130e-03 -5.40519020e-04
 2.53425060e-05 1.65430330e-03 -4.88669730e-04
 3.15141950e-05 1.81545790e-03 -4.38891120e-04
 3.48749960e-05 1.98912830e-03 -3.92296930e-04
 3.74782180e-05 2.16493360e-03 -3.49694660e-04
 4.15006470e-05 2.33908930e-03 -3.12176560e-04
 4.95242350e-05 2.50968690e-03 -2.79756670e-04
 6.33910890e-05 2.66826670e-03 -2.52652160e-04
 8.27947950e-05 2.78948410e-03 -2.31174680e-04
 1.05928620e-04 2.85063450e-03 -2.13531880e-04
 1.29932610e-04 2.84259510e-03 -1.98300300e-04
 1.52520600e-04 2.77640510e-03 -1.85168810e-04
 1.72542840e-04 2.66785150e-03 -1.72598960e-04
 1.89707590e-04 2.53439740e-03 -1.59239280e-04
 2.04202690e-04 2.39426970e-03 -1.45363620e-04
 2.15701470e-04 2.24848320e-03 -1.31180980e-04
 2.24272050e-04 2.09804720e-03 -1.16636270e-04
 2.30465810e-04 1.95495830e-03 -1.02225190e-04
 2.34789900e-04 1.82194870e-03 -8.85382610e-05
 2.37420590e-04 1.69035050e-03 -7.54992290e-05
 2.38584950e-04 1.56003260e-03 -6.28374760e-05
 2.38643600e-04 1.43637290e-03 -5.04548440e-05
 2.37177370e-04 1.32008120e-03 -3.81534810e-05
 2.34576860e-04 1.21932980e-03 -2.58164470e-05
 2.31163370e-04 1.13807200e-03 -1.32077880e-05
 2.27175390e-04 1.07242870e-03 -6.68919770e-07
 2.22886270e-04 1.01967300e-03 1.14195400e-05
 2.18852130e-04 9.79912700e-04 2.26544620e-05
 2.14628230e-04 9.48382830e-04 3.24816970e-05
 2.09196670e-04 9.17326720e-04 4.04691090e-05
 2.02343830e-04 8.82664460e-04 4.64056610e-05
 1.94387770e-04 8.41948490e-04 5.04350790e-05
 1.85660450e-04 7.93410170e-04 5.25826540e-05
 1.76869010e-04 7.40075430e-04 5.30393740e-05
 1.68651590e-04 6.88273930e-04 5.21118090e-05
 1.60867330e-04 6.39831590e-04 5.06583060e-05
 1.53660540e-04 5.95134280e-04 4.91933280e-05
 1.46800580e-04 5.53085760e-04 4.83517540e-05
 1.39977910e-04 5.11866060e-04 4.84626910e-05
 1.32768170e-04 4.70866860e-04 4.95758830e-05
 1.25098030e-04 4.33574810e-04 5.15570500e-05
 1.16635460e-04 3.99689920e-04 5.41391420e-05
 1.07507430e-04 3.68712530e-04 5.69544320e-05
 9.79154790e-05 3.41316040e-04 5.97324400e-05
 8.81864690e-05 3.19138170e-04 6.22722730e-05
 7.84725130e-05 3.01658230e-04 6.43373570e-05
 6.88630680e-05 2.87508210e-04 6.59125360e-05
 5.94856870e-05 2.75184580e-04 6.69651490e-05
 5.05433530e-05 2.62435870e-04 6.74916450e-05
 4.21300280e-05 2.46918990e-04 6.75010960e-05
 3.43122080e-05 2.28519780e-04 6.69113800e-05
 2.71883200e-05 2.09423070e-04 6.57000930e-05
 2.10283920e-05 1.92720500e-04 6.39432690e-05
 1.59981170e-05 1.81124560e-04 6.17436820e-05
 1.21270880e-05 1.74145960e-04 5.92646030e-05
 9.28706690e-06 1.69780400e-04 5.66687340e-05
 7.11025180e-06 1.67043180e-04 5.40823780e-05
 5.28561400e-06 1.65118240e-04 5.16045180e-05
 3.51854400e-06 1.62023400e-04 4.92583060e-05
 1.61797780e-06 1.56401030e-04 4.69943550e-05
 -5.36622960e-07 1.49236880e-04 4.47179260e-05
 -3.08738840e-06 1.40759700e-04 4.23712660e-05
 -5.99966600e-06 1.30303200e-04 3.99647980e-05
 -8.96741400e-06 1.17956740e-04 3.75012100e-05
 -1.16252120e-05 1.04784090e-04 3.49850090e-05
 -1.36150260e-05 9.25628560e-05 3.24562900e-05
 -1.49759130e-05 8.20306670e-05 3.00174310e-05
 -1.57037880e-05 7.35765790e-05 2.76828650e-05
 -1.59529370e-05 6.70072990e-05 2.54781660e-05
 -1.58031580e-05 6.27486220e-05 2.34296640e-05
 -1.52925880e-05 6.16183680e-05 2.15543770e-05
 -1.45105750e-05 6.29419010e-05 1.98554990e-05
 -1.36949550e-05 6.49476790e-05 1.83616280e-05
 -1.29365940e-05 6.59528380e-05 1.70885200e-05
 -1.22149670e-05 6.52138480e-05 1.60351970e-05
 -1.15762240e-05 6.22813100e-05 1.52060490e-05
 -1.11595050e-05 5.69276380e-05 1.45422760e-05
 -1.09684670e-05 4.96076610e-05 1.39760180e-05
 -1.08887040e-05 4.18402560e-05 1.34112190e-05
 -1.07982160e-05 3.47708120e-05 1.27808400e-05
 -1.05572540e-05 2.89896340e-05 1.20607750e-05
 -1.01321050e-05 2.42864260e-05 1.12404220e-05
 -9.48753770e-06 2.07760200e-05 1.03311810e-05
 -8.61902570e-06 1.83061070e-05 9.38077570e-06
 -7.56607140e-06 1.67443500e-05 8.43719590e-06
 -6.43644760e-06 1.57567960e-05 7.54372060e-06
 -5.37620190e-06 1.50639930e-05 6.73374320e-06
 -4.47063850e-06 1.41951270e-05 6.03445190e-06
 -3.68509880e-06 1.31371400e-05 5.41630880e-06
 -3.02038820e-06 1.19192560e-05 4.84584510e-06
 -2.43361800e-06 1.05708000e-05 4.30901810e-06
 -1.96315590e-06 8.94721420e-06 3.80579900e-06
 -1.58608510e-06 6.99530260e-06 3.33838970e-06
 -1.27944660e-06 4.83363970e-06 2.90957180e-06
 -9.94295190e-07 2.74281020e-06 2.51607890e-06
 -7.16784200e-07 1.02904600e-06 2.15862340e-06
 -4.50654170e-07 -1.96637780e-08 1.83873070e-06
 -2.19637980e-07 -2.76678290e-07 1.54890990e-06
 -3.37221310e-08 1.75365870e-07 1.28559690e-06
 1.00091740e-07 1.07629110e-06 1.05612240e-06
 1.56402630e-07 2.07410900e-06 8.66893120e-07
 1.67805450e-07 2.75763340e-06 7.04234030e-07
 1.44205130e-07 2.96333000e-06 5.68009850e-07
 1.02224600e-07 2.70447090e-06 4.53001120e-07
 6.07770190e-08 2.10360990e-06 3.53196070e-07
