 5.18588590e-07 -1.75410460e-08 4.97560510e-07
 9.79284210e-07 1.55065320e-07 5.39480310e-07
 1.45740300e-06 3.53753820e-07 5.44795000e-07
 1.90433390e-06 5.89444990e-07 5.01201730e-07
 2.29582320e-06 8.69893370e-07 3.99685460e-07
 2.63265720e-06 1.18775100e-06 2.45723210e-07
 2.90973730e-06 1.51278390e-06 6.18635740e-08
 3.13236930e-06 1.80033400e-06 -1.07879070e-07
 3.28922330e-06 1.99619330e-06 -2.16563540e-07
 3.35566690e-06 2.05529730e-06 -2.25949630e-07
 3.32235730e-06 1.95992520e-06 -9.45962880e-08
 3.20972230e-06 1.71821750e-06 2.58994420e-07
 3.12405000e-06 1.38025720e-06 9.81381160e-07
 3.27685920e-06 1.04573350e-06 2.33897370e-06
 4.05031510e-06 8.68529870e-07 4.81214510e-06
 6.12109670e-06 1.05756870e-06 9.29381890e-06
 1.06523950e-05 1.89832370e-06 1.74786130e-05
 1.97289160e-05 3.84010850e-06 3.25614460e-05
 3.71483840e-05 7.67063370e-06 6.04364000e-05
 6.98617590e-05 1.48635850e-05 1.11607780e-04
 1.30273980e-04 2.82092530e-05 2.03464530e-04
 2.39204570e-04 5.28068590e-05 3.60688690e-04
 4.27940770e-04 9.69941030e-05 6.12246980e-04
 7.38101780e-04 1.72567700e-04 9.88004960e-04
 1.21942140e-03 2.94402650e-04 1.51546160e-03
 1.92470490e-03 4.79774610e-04 2.21117560e-03
 2.90014850e-03 7.46388630e-04 3.07171630e-03
 4.17743160e-03 1.10825790e-03 4.09344960e-03
 5.78286690e-03 1.57572040e-03 5.28575620e-03
 7.74131250e-03 2.15835450e-03 6.63343440e-03
 1.00518400e-02 2.86141340e-03 8.08484200e-03
 1.26659110e-02 3.67504310e-03 9.63405150e-03
 1.55118680e-02 4.57879620e-03 1.13468930e-02
 1.85068940e-02 5.54658290e-03 1.32834310e-02
 2.14936980e-02 6.54701800e-03 1.54296760e-02
 2.41529230e-02 7.53193490e-03 1.76575440e-02
 2.59390340e-02 8.40486960e-03 1.98367010e-02
 2.60833740e-02 8.98735130e-03 2.19395500e-02
 2.37476230e-02 9.07256270e-03 2.39864100e-02
 1.78663410e-02 8.43813550e-03 2.58521210e-02
 7.01184940e-03 6.77347600e-03 2.73155010e-02
 -9.37820130e-03 3.94036570e-03 2.81743000e-02
 -3.11728600e-02 1.38391450e-04 2.82437520e-02
 -5.74575890e-02 -4.48017240e-03 2.73522570e-02
 -8.45520350e-02 -9.34551750e-03 2.57679580e-02
 -1.08183600e-01 -1.30108590e-02 2.40578860e-02
 -1.24663500e-01 -1.49380740e-02 2.22043970e-02
 -1.30314900e-01 -1.61171760e-02 2.00360550e-02
 -1.24119500e-01 -1.60689260e-02 1.82935610e-02
 -1.09777600e-01 -1.42616360e-02 1.71705820e-02
 -9.00773260e-02 -1.35153340e-02 1.53042160e-02
 -6.71654340e-02 -1.54074510e-02 1.22986000e-02
 -4.53800630e-02 -1.71660950e-02 9.55190600e-03
 -2.67299510e-02 -1.74250140e-02 7.54250870e-03
 -1.14371800e-02 -1.83257420e-02 5.36463040e-03
 -5.99614930e-04 -2.04978810e-02 2.83512240e-03
 6.11392410e-03 -2.19438840e-02 6.07902480e-04
 1.05233000e-02 -2.09235940e-02 -8.07285600e-04
 1.30956550e-02 -1.80684420e-02 -1.43720350e-03
 1.39910020e-02 -1.57824700e-02 -1.80210230e-03
 1.41130310e-02 -1.51408010e-02 -2.19349520e-03
 1.41121510e-02 -1.47959120e-02 -2.37007880e-03
 1.40847670e-02 -1.33302730e-02 -2.17782380e-03
 1.36476940e-02 -1.13232750e-02 -1.76689840e-03
 1.27058140e-02 -1.04745010e-02 -1.40079830e-03
 1.14322350e-02 -1.09924390e-02 -1.18324960e-03
 9.96940770e-03 -1.16965710e-02 -1.06790550e-03
 8.51705950e-03 -1.13660620e-02 -8.77804180e-04
 7.08316500e-03 -9.68277450e-03 -4.80049990e-04
 5.64635870e-03 -7.35074790e-03 8.95784030e-05
 4.30032800e-03 -5.74876930e-03 6.06884710e-04
 3.06835140e-03 -4.72895340e-03 1.03718480e-03
 1.93918500e-03 -2.96573340e-03 1.54178500e-03
 9.57871260e-04 -3.17343980e-04 2.18240640e-03
 1.15512910e-04 2.17139490e-03 2.91252970e-03
 -5.89026840e-04 3.55937100e-03 3.62102450e-03
 -1.02427850e-03 3.94949040e-03 4.20412700e-03
 -1.26408350e-03 4.39728700e-03 4.75709930e-03
 -1.56359210e-03 5.56490900e-03 5.38187750e-03
 -2.09923530e-03 6.45800910e-03 5.94549490e-03
 -2.94205130e-03 6.08048490e-03 6.31485830e-03
 -4.15631200e-03 4.67554150e-03 6.47450520e-03
 -5.67227650e-03 3.44278660e-03 6.46683430e-03
 -7.34884150e-03 2.86017470e-03 6.33617770e-03
 -9.06726530e-03 2.23572090e-03 6.08508660e-03
 -1.06241540e-02 5.34504770e-04 5.66185780e-03
 -1.18030160e-02 -2.31379600e-03 5.04718160e-03
 -1.25926030e-02 -5.27343200e-03 4.28962750e-03
 -1.31385230e-02 -7.38483950e-03 3.45250780e-03
 -1.34659370e-02 -8.61220530e-03 2.56981490e-03
 -1.34775980e-02 -9.94833370e-03 1.63148820e-03
 -1.31871710e-02 -1.22273080e-02 6.37246350e-04
 -1.26333730e-02 -1.50942510e-02 -3.95267740e-04
 -1.17982560e-02 -1.68691500e-02 -1.37792810e-03
 -1.07681720e-02 -1.66786180e-02 -2.20440400e-03
 -9.62445790e-03 -1.56962350e-02 -2.82598080e-03
 -8.27393310e-03 -1.57067380e-02 -3.25230490e-03
 -6.68345300e-03 -1.66917010e-02 -3.49607550e-03
 -4.96617940e-03 -1.68726670e-02 -3.59812470e-03
 -3.25572700e-03 -1.51630270e-02 -3.60961980e-03
 -1.65363390e-03 -1.26521850e-02 -3.52054370e-03
 -1.92750450e-04 -1.10730480e-02 -3.30936120e-03
 1.17973980e-03 -1.04771660e-02 -3.02383280e-03
 2.49466670e-03 -9.91253370e-03 -2.74541880e-03
 3.63056940e-03 -8.63664690e-03 -2.51332810e-03
 4.45462950e-03 -6.40929580e-03 -2.33099400e-03
 4.97839460e-03 -3.79940870e-03 -2.17588780e-03
 5.34870570e-03 -2.08884760e-03 -2.03484480e-03
 5.64293940e-03 -1.55336430e-03 -1.93693290e-03
 5.76682990e-03 -8.98876460e-04 -1.90461970e-03
 5.57066690e-03 9.26085860e-04 -1.89593280e-03
 5.08980870e-03 3.38348470e-03 -1.87002410e-03
 4.55785310e-03 5.14282980e-03 -1.83288260e-03
 4.19983590e-03 5.56633990e-03 -1.79095460e-03
 3.98755910e-03 5.25362930e-03 -1.71976180e-03
 3.73904850e-03 5.34709820e-03 -1.63670850e-03
 3.38988330e-03 6.25362950e-03 -1.58912490e-03
 3.05804730e-03 7.20743600e-03 -1.57845860e-03
 2.89411820e-03 7.32410230e-03 -1.56479530e-03
 2.91721830e-03 6.32550330e-03 -1.51418660e-03
 2.99750800e-03 4.66425900e-03 -1.40575250e-03
 2.99561470e-03 3.27954090e-03 -1.26756150e-03
 2.89909890e-03 2.65615080e-03 -1.15656740e-03
 2.79947560e-03 2.19683470e-03 -1.06591880e-03
 2.77907310e-03 9.05253230e-04 -9.29629310e-04
 2.85119310e-03 -1.36994770e-03 -7.04480920e-04
 2.96807010e-03 -3.82575110e-03 -4.25404990e-04
 3.04810700e-03 -5.50456760e-03 -1.93397150e-04
 3.06514050e-03 -6.22805860e-03 -5.99336020e-05
 3.06655070e-03 -6.60100810e-03 2.72012510e-05
 3.12406970e-03 -7.38159850e-03 1.44339680e-04
 3.27319140e-03 -8.74031890e-03 3.18072450e-04
 3.45673710e-03 -9.89945510e-03 4.94973910e-04
 3.57750290e-03 -9.97123490e-03 5.81235280e-04
 3.60652590e-03 -9.05428830e-03 5.48880900e-04
 3.60378200e-03 -8.00651220e-03 4.61470480e-04
 3.62944040e-03 -7.27322700e-03 3.90304570e-04
 3.67257950e-03 -6.59978480e-03 3.59196390e-04
 3.69501490e-03 -5.59565940e-03 3.31790240e-04
 3.63539000e-03 -3.97021510e-03 2.51136140e-04
 3.44959390e-03 -1.59293330e-03 9.18525910e-05
 3.19052070e-03 9.38188340e-04 -1.05556280e-04
 2.95968540e-03 2.62785240e-03 -2.60501290e-04
 2.78026870e-03 3.39796770e-03 -3.30495390e-04
 2.62447100e-03 4.18036060e-03 -3.67698610e-04
 2.45483360e-03 5.67419180e-03 -4.54397580e-04
 2.28559970e-03 7.55090220e-03 -6.04737490e-04
 2.15094680e-03 9.16519760e-03 -7.67726740e-04
 2.07230400e-03 1.03122860e-02 -8.98446600e-04
 2.05313020e-03 1.10850030e-02 -9.76277340e-04
 2.04836600e-03 1.15806040e-02 -1.00613250e-03
 1.96094040e-03 1.21238840e-02 -1.03572410e-03
 1.72803990e-03 1.29788470e-02 -1.11889460e-03
 1.37202560e-03 1.38748390e-02 -1.24544230e-03
 9.46354530e-04 1.42848210e-02 -1.34604370e-03
 4.96522470e-04 1.40435880e-02 -1.37336330e-03
 5.14358730e-05 1.34414680e-02 -1.33966380e-03
 -3.68879290e-04 1.27363960e-02 -1.28503940e-03
 -7.36958930e-04 1.19416440e-02 -1.23541280e-03
 -1.03358800e-03 1.10127620e-02 -1.18762930e-03
 -1.26581850e-03 9.97599870e-03 -1.12064430e-03
 -1.43638390e-03 8.85744950e-03 -1.01999810e-03
 -1.54544310e-03 7.67517740e-03 -8.84776700e-04
 -1.60237760e-03 6.44743350e-03 -7.24968620e-04
 -1.62093960e-03 5.26162520e-03 -5.64039740e-04
 -1.61791850e-03 4.23749400e-03 -4.19912710e-04
 -1.60695360e-03 3.41602600e-03 -2.90260680e-04
 -1.58475420e-03 2.74970130e-03 -1.68158880e-04
 -1.54923260e-03 2.15678850e-03 -5.07901530e-05
 -1.51175710e-03 1.58724990e-03 6.46119880e-05
 -1.47557700e-03 1.04552270e-03 1.72602460e-04
 -1.44267340e-03 5.69401190e-04 2.65461740e-04
 -1.41208910e-03 1.78618010e-04 3.49018230e-04
 -1.37051870e-03 -1.55231170e-04 4.27841330e-04
 -1.30066950e-03 -4.94216920e-04 5.00132450e-04
 -1.18941080e-03 -8.53680310e-04 5.67331440e-04
 -1.02101490e-03 -1.18361250e-03 6.28025850e-04
 -7.81329470e-04 -1.44630740e-03 6.77740430e-04
 -4.53697900e-04 -1.62505560e-03 7.16770070e-04
 -3.39867980e-05 -1.70582230e-03 7.43908520e-04
 4.65636990e-04 -1.69571800e-03 7.59652580e-04
 1.01182250e-03 -1.61918760e-03 7.63604770e-04
 1.52368580e-03 -1.48575110e-03 7.50722190e-04
 1.90765500e-03 -1.30038230e-03 7.23129780e-04
 2.10551290e-03 -1.08728870e-03 6.84201890e-04
 2.10648610e-03 -8.71255060e-04 6.33916000e-04
 1.93449140e-03 -6.67524820e-04 5.80136490e-04
 1.66018640e-03 -4.78078790e-04 5.27900590e-04
 1.34956910e-03 -2.98895900e-04 4.76445830e-04
 1.03809700e-03 -1.17540230e-04 4.33183970e-04
 7.61629260e-04 4.57846400e-05 3.99579790e-04
 5.40189450e-04 1.59084780e-04 3.68598090e-04
 3.66085120e-04 2.34870050e-04 3.44040750e-04
 2.24645660e-04 2.82661290e-04 3.27110700e-04
 9.69435060e-05 2.95623550e-04 3.10461390e-04
 -2.32500730e-05 2.91888110e-04 2.95715640e-04
 -1.39200320e-04 2.88086510e-04 2.83662580e-04
 -2.50127630e-04 2.78008000e-04 2.68537410e-04
 -3.36927100e-04 2.60577450e-04 2.54169280e-04
 -3.93963240e-04 2.31613680e-04 2.44549160e-04
 -4.24053550e-04 1.86667910e-04 2.35509720e-04
 -4.15916640e-04 1.37727150e-04 2.29110770e-04
 -3.81771740e-04 7.57465970e-05 2.27011070e-04
 -3.39791060e-04 -8.00791350e-06 2.25684780e-04
 -2.82446850e-04 -9.54683640e-05 2.26458450e-04
 -2.17776540e-04 -1.86504000e-04 2.28947670e-04
 -1.58510210e-04 -2.78064110e-04 2.28361590e-04
 -9.83828870e-05 -3.53504150e-04 2.24999520e-04
 -4.15104080e-05 -4.19726160e-04 2.20531900e-04
 9.93023240e-06 -4.74388420e-04 2.13474180e-04
 5.99487250e-05 -4.94767390e-04 2.04622450e-04
 9.34945780e-05 -4.93007480e-04 1.95913990e-04
 1.04872040e-04 -4.80976830e-04 1.87354610e-04
 9.85591910e-05 -4.48160020e-04 1.79059660e-04
 6.53382230e-05 -4.06860230e-04 1.68873990e-04
 1.18067010e-05 -3.67389820e-04 1.55360920e-04
 -4.05829630e-05 -3.19949090e-04 1.40645310e-04
 -8.25999010e-05 -2.70471680e-04 1.25977500e-04
 -1.05172930e-04 -2.23947920e-04 1.13063870e-04
 -1.00339930e-04 -1.74885690e-04 1.03897240e-04
 -7.94108130e-05 -1.42286620e-04 9.64203940e-05
 -5.35074830e-05 -1.36058280e-04 8.96222920e-05
 -2.44828500e-05 -1.36242230e-04 8.55535250e-05
 -1.54557700e-06 -1.40354520e-04 8.43145240e-05
 7.72939890e-06 -1.61447150e-04 8.42217120e-05
 7.24771920e-06 -1.88237680e-04 8.49480280e-05
 2.73003000e-06 -2.06297600e-04 8.70060470e-05
 -1.60635420e-06 -2.25119500e-04 8.97821010e-05
 -1.78791990e-06 -2.43445190e-04 9.25368880e-05
 6.30102110e-06 -2.46419920e-04 9.54745700e-05
 2.11960070e-05 -2.48361550e-04 9.71873090e-05
 3.87428990e-05 -2.60836500e-04 9.56433290e-05
 5.74549160e-05 -2.66701220e-04 9.13567060e-05
 7.30865800e-05 -2.66539860e-04 8.51967340e-05
 7.83678040e-05 -2.79280590e-04 7.61582200e-05
 7.33502090e-05 -2.94849070e-04 6.46724510e-05
 6.15014940e-05 -2.98981470e-04 5.20754040e-05
 4.10125210e-05 -3.05044120e-04 3.86192880e-05
 1.10114670e-05 -3.13075460e-04 2.53059330e-05
 -2.40747700e-05 -3.07479610e-04 1.31670220e-05
 -6.17088810e-05 -3.00243530e-04 1.85072340e-06
 -1.00994630e-04 -2.96681740e-04 -8.59505510e-06
 -1.41150700e-04 -2.85285060e-04 -1.81693290e-05
 -1.81761820e-04 -2.76870910e-04 -2.74118830e-05
 -2.18927500e-04 -2.80439270e-04 -3.60931340e-05
 -2.47738150e-04 -2.81383840e-04 -4.39363320e-05
 -2.65779500e-04 -2.74405550e-04 -5.08904560e-05
 -2.72026950e-04 -2.66589750e-04 -5.64701770e-05
 -2.68666800e-04 -2.58709070e-04 -6.08009320e-05
 -2.58764110e-04 -2.50090060e-04 -6.43562160e-05
 -2.45447040e-04 -2.46960610e-04 -6.68214780e-05
 -2.34415900e-04 -2.53838890e-04 -6.81731040e-05
 -2.27071520e-04 -2.64754020e-04 -6.87937650e-05
 -2.20625570e-04 -2.78043100e-04 -6.85290720e-05
 -2.15931750e-04 -2.97939490e-04 -6.76747080e-05
 -2.13662370e-04 -3.23567600e-04 -6.70494260e-05
 -2.10752520e-04 -3.50362560e-04 -6.64210310e-05
 -2.03947100e-04 -3.75624110e-04 -6.53917670e-05
 -1.89906360e-04 -3.98058560e-04 -6.43983800e-05
 -1.67252280e-04 -4.19516320e-04 -6.36945840e-05
 -1.39007900e-04 -4.40684120e-04 -6.32320950e-05
 -1.08789100e-04 -4.61529740e-04 -6.30020220e-05
 -8.02934520e-05 -4.77194960e-04 -6.27974220e-05
 -5.65026170e-05 -4.79195410e-04 -6.23325470e-05
 -3.81386740e-05 -4.64974900e-04 -6.14124150e-05
 -2.32547790e-05 -4.36760250e-04 -5.99526360e-05
 -8.01789700e-06 -3.99215790e-04 -5.80698510e-05
 7.85819250e-06 -3.57879560e-04 -5.58676110e-05
 2.19673840e-05 -3.16382390e-04 -5.37189950e-05
 3.19068060e-05 -2.76690120e-04 -5.21550940e-05
 3.70658420e-05 -2.38958050e-04 -5.10039680e-05
 4.02193730e-05 -2.06037350e-04 -5.01508800e-05
 4.34986980e-05 -1.79233220e-04 -4.95533350e-05
 4.48046340e-05 -1.55363360e-04 -4.89040360e-05
 4.22287480e-05 -1.34660790e-04 -4.82557770e-05
 3.75572820e-05 -1.17873180e-04 -4.76587410e-05
 3.18699130e-05 -1.01468950e-04 -4.68625000e-05
 2.65090380e-05 -8.70135050e-05 -4.60715600e-05
 2.20765600e-05 -7.85980740e-05 -4.53873000e-05
 1.76848230e-05 -7.54742210e-05 -4.47361340e-05
 1.41409160e-05 -7.62642380e-05 -4.43334430e-05
 1.13338480e-05 -7.96519230e-05 -4.40582920e-05
 7.30753250e-06 -8.28324260e-05 -4.36976880e-05
 1.96233210e-06 -8.41565270e-05 -4.34051440e-05
 -4.00576980e-06 -8.31347570e-05 -4.30169280e-05
 -9.99966050e-06 -7.87709360e-05 -4.24401330e-05
 -1.48377700e-05 -7.13997360e-05 -4.17885310e-05
 -1.84954820e-05 -6.10515710e-05 -4.07463120e-05
 -2.16982830e-05 -4.84441010e-05 -3.93283080e-05
 -2.41797280e-05 -3.64110380e-05 -3.77924630e-05
 -2.63308160e-05 -2.69331270e-05 -3.60175950e-05
 -2.87297240e-05 -1.97110440e-05 -3.40681250e-05
 -3.17140510e-05 -1.44211450e-05 -3.22212910e-05
 -3.53322250e-05 -1.03451660e-05 -3.04726310e-05
 -3.91076790e-05 -7.19853190e-06 -2.88829890e-05
 -4.23816050e-05 -5.48285790e-06 -2.74783070e-05
 -4.54343540e-05 -5.67534290e-06 -2.60904960e-05
 -4.78378610e-05 -7.82308050e-06 -2.47320680e-05
 -4.93887460e-05 -9.88377180e-06 -2.33978100e-05
 -5.07663060e-05 -1.04340130e-05 -2.20037910e-05
 -5.16813960e-05 -1.02703820e-05 -2.06017520e-05
 -5.19544340e-05 -9.59369940e-06 -1.92200710e-05
 -5.18366320e-05 -8.75740170e-06 -1.78200040e-05
 -5.11225700e-05 -8.92444950e-06 -1.65183860e-05
 -5.01904250e-05 -9.20052300e-06 -1.53445490e-05
 -4.93995980e-05 -9.46615000e-06 -1.42473790e-05
 -4.84294430e-05 -1.01607770e-05 -1.33053390e-05
 -4.73963810e-05 -1.01136600e-05 -1.25526780e-05
 -4.62641980e-05 -9.43506890e-06 -1.19302510e-05
 -4.45730690e-05 -9.39301660e-06 -1.13593120e-05
 -4.26801380e-05 -9.10503790e-06 -1.07041610e-05
 -4.05780370e-05 -8.26229920e-06 -9.85704360e-06
 -3.77570830e-05 -7.92717580e-06 -8.78690390e-06
 -3.46364800e-05 -7.43545430e-06 -7.59750490e-06
 -3.16278200e-05 -6.55305710e-06 -6.36563570e-06
 -2.86267330e-05 -6.07209450e-06 -5.17890750e-06
 -2.56870860e-05 -5.60147460e-06 -4.13773750e-06
 -2.27651220e-05 -5.15383410e-06 -3.24759300e-06
 -1.98244000e-05 -5.16396220e-06 -2.55684810e-06
 -1.70433960e-05 -5.27375140e-06 -2.13615290e-06
 -1.42602780e-05 -5.56898930e-06 -1.97622900e-06
 -1.18661780e-05 -5.77807850e-06 -1.95503590e-06
 -1.04527790e-05 -5.09146590e-06 -2.04706430e-06
 -9.96257490e-06 -4.49969640e-06 -2.16068950e-06
 -1.03988730e-05 -4.64469530e-06 -2.26028440e-06
 -1.17018640e-05 -4.77296410e-06 -2.40204800e-06
 -1.32218100e-05 -5.10646260e-06 -2.58802610e-06
 -1.43000630e-05 -6.03602580e-06 -2.70522330e-06
 -1.46695580e-05 -7.06617130e-06 -2.71689150e-06
 -1.42423830e-05 -7.94675450e-06 -2.63210720e-06
 -1.33435060e-05 -8.58333990e-06 -2.46878060e-06
 -1.23258070e-05 -8.57874330e-06 -2.27368830e-06
 -1.12467870e-05 -8.16482220e-06 -2.05613450e-06
 -1.01751480e-05 -7.46448540e-06 -1.82285420e-06
 -9.29019920e-06 -6.39035670e-06 -1.58310440e-06
 -8.47127010e-06 -5.29076900e-06 -1.33690650e-06
 -7.64723150e-06 -4.34355430e-06 -1.07777410e-06
 -6.86638530e-06 -3.44258520e-06 -8.48269850e-07
 -6.05771490e-06 -2.63811990e-06 -6.53197900e-07
 -5.14866310e-06 -2.11718110e-06 -4.89272790e-07
 -4.19403800e-06 -1.76276000e-06 -3.65796410e-07
 -3.28181300e-06 -1.38558100e-06 -2.83361540e-07
 -2.40073130e-06 -1.19925280e-06 -2.15196310e-07
 -1.68940900e-06 -1.09011460e-06 -1.57509670e-07
 -1.17294640e-06 -9.42490030e-07 -1.04969920e-07
 -8.02893850e-07 -8.32675990e-07 -5.46584000e-08
 -5.69346410e-07 -7.83759900e-07 -1.47730430e-08
 -3.90355610e-07 -6.71329470e-07 1.05215870e-08
 -2.44360590e-07 -5.43544730e-07 2.39649260e-08
 -1.31417390e-07 -4.39698940e-07 2.64364970e-08
 -8.32199230e-08 -3.44270350e-07 2.20068160e-08
