 -3.18584090e-07 4.51062300e-08 2.55376620e-07
 -3.28914380e-07 2.12996510e-07 3.71040870e-07
 -3.30759210e-07 3.93463410e-07 4.84733850e-07
 -3.28911340e-07 5.92292390e-07 5.90686680e-07
 -3.30771230e-07 8.21299690e-07 6.85154930e-07
 -3.44380420e-07 1.08931000e-06 7.66043230e-07
 -3.70754950e-07 1.39400580e-06 8.28960140e-07
 -4.12642440e-07 1.71804020e-06 8.73934540e-07
 -4.75313160e-07 2.03156920e-06 9.01898660e-07
 -5.64807010e-07 2.28972930e-06 9.13360000e-07
 -6.82896710e-07 2.43596810e-06 9.08799170e-07
 -8.26583400e-07 2.40797730e-06 8.86859820e-07
 -9.90823990e-07 2.16152190e-06 8.36828580e-07
 -1.17892480e-06 1.66397550e-06 7.29758990e-07
 -1.41609970e-06 9.01740520e-07 5.08631840e-07
 -1.76082680e-06 -1.34174340e-07 6.87826330e-08
 -2.31545890e-06 -1.53578500e-06 -7.81839840e-07
 -3.25169530e-06 -3.53380120e-06 -2.39345350e-06
 -4.88786190e-06 -6.63443190e-06 -5.40901150e-06
 -7.83418910e-06 -1.18505350e-05 -1.10247700e-05
 -1.32362060e-05 -2.11083220e-05 -2.14662540e-05
 -2.32090240e-05 -3.79843110e-05 -4.08464330e-05
 -4.15851140e-05 -6.90858140e-05 -7.66137670e-05
 -7.51048940e-05 -1.26353610e-04 -1.41781410e-04
 -1.34962640e-04 -2.30796550e-04 -2.57736190e-04
 -2.37775850e-04 -4.17450150e-04 -4.55851030e-04
 -4.03909710e-04 -7.39882820e-04 -7.73945820e-04
 -6.52832850e-04 -1.27133270e-03 -1.24699600e-03
 -9.98585600e-04 -2.10096760e-03 -1.89767090e-03
 -1.44556600e-03 -3.32624630e-03 -2.72736860e-03
 -1.98031100e-03 -5.03863530e-03 -3.70070010e-03
 -2.56972620e-03 -7.30312990e-03 -4.74379030e-03
 -3.18144560e-03 -1.01479250e-02 -5.78217350e-03
 -3.80175720e-03 -1.35736040e-02 -6.77293820e-03
 -4.43297160e-03 -1.75657720e-02 -7.70880240e-03
 -5.08628410e-03 -2.21044010e-02 -8.61570150e-03
 -5.76813520e-03 -2.71633270e-02 -9.52253490e-03
 -6.48406100e-03 -3.27005800e-02 -1.04616380e-02
 -7.24267910e-03 -3.86529680e-02 -1.14777520e-02
 -8.02085640e-03 -4.49042620e-02 -1.25667040e-02
 -8.77160300e-03 -5.12340440e-02 -1.37020530e-02
 -9.44614410e-03 -5.72819110e-02 -1.48614650e-02
 -9.99307170e-03 -6.24914800e-02 -1.59935580e-02
 -1.04031290e-02 -6.60337060e-02 -1.70729870e-02
 -1.07384990e-02 -6.67349170e-02 -1.81171350e-02
 -1.11028380e-02 -6.30262200e-02 -1.91146950e-02
 -1.16405530e-02 -5.30458200e-02 -2.00396590e-02
 -1.25219420e-02 -3.49352620e-02 -2.08325400e-02
 -1.38994600e-02 -7.48599130e-03 -2.13594290e-02
 -1.58517750e-02 2.88596640e-02 -2.14444290e-02
 -1.82693340e-02 7.09297960e-02 -2.08753680e-02
 -2.08028070e-02 1.12909600e-01 -1.94384030e-02
 -2.29590390e-02 1.48369400e-01 -1.70200040e-02
 -2.42131390e-02 1.72480200e-01 -1.36711990e-02
 -2.41509600e-02 1.82697400e-01 -9.58020520e-03
 -2.25955580e-02 1.78752500e-01 -5.02835070e-03
 -1.95992780e-02 1.62504700e-01 -3.87020440e-04
 -1.55748130e-02 1.38040200e-01 3.96031650e-03
 -1.10459170e-02 1.11359500e-01 7.67855630e-03
 -6.54564470e-03 8.70349410e-02 1.05875850e-02
 -2.47252270e-03 6.61759820e-02 1.27167350e-02
 1.07304540e-03 4.84701770e-02 1.41973800e-02
 4.11785720e-03 3.33126370e-02 1.51414170e-02
 6.61401820e-03 2.07118750e-02 1.56726220e-02
 8.71068430e-03 1.12977160e-02 1.59073320e-02
 1.02640180e-02 3.81397640e-03 1.59920530e-02
 1.09577980e-02 -3.83354750e-03 1.61199160e-02
 1.09422500e-02 -1.20183560e-02 1.64280520e-02
 1.01454810e-02 -2.04123430e-02 1.68584120e-02
 8.30818620e-03 -2.85156970e-02 1.73412950e-02
 5.72808830e-03 -3.51322630e-02 1.78153310e-02
 2.50483720e-03 -4.09458280e-02 1.81725010e-02
 -1.40639650e-03 -4.70741500e-02 1.83265080e-02
 -5.33594100e-03 -5.21785130e-02 1.82706120e-02
 -8.71982150e-03 -5.53998350e-02 1.79291390e-02
 -1.14955340e-02 -5.79576750e-02 1.71730870e-02
 -1.34706120e-02 -5.94658070e-02 1.59798340e-02
 -1.45842310e-02 -5.86279590e-02 1.44716190e-02
 -1.50637970e-02 -5.62413710e-02 1.27487660e-02
 -1.50326530e-02 -5.37349470e-02 1.08791520e-02
 -1.45651880e-02 -5.09829780e-02 8.95589120e-03
 -1.37313420e-02 -4.71269900e-02 7.11139380e-03
 -1.26909830e-02 -4.23331520e-02 5.44598880e-03
 -1.16316780e-02 -3.77989040e-02 3.98251230e-03
 -1.05912150e-02 -3.41157950e-02 2.71846190e-03
 -9.64124970e-03 -3.05017100e-02 1.66058510e-03
 -8.88234380e-03 -2.60669440e-02 8.23292420e-04
 -8.27743020e-03 -2.09625140e-02 2.27854670e-04
 -7.78779900e-03 -1.67583900e-02 -1.12093580e-04
 -7.32096660e-03 -1.44314640e-02 -2.41819930e-04
 -6.79309150e-03 -1.33922300e-02 -2.67378780e-04
 -6.22372050e-03 -1.22167380e-02 -2.94096710e-04
 -5.61274730e-03 -1.04193100e-02 -3.50707090e-04
 -4.89045730e-03 -8.29001890e-03 -4.17093110e-04
 -4.09999260e-03 -6.97243680e-03 -4.77316960e-04
 -3.32329820e-03 -6.20814320e-03 -5.46091640e-04
 -2.63101280e-03 -4.78217520e-03 -6.58840290e-04
 -1.98967620e-03 -2.24187600e-03 -8.29978380e-04
 -1.30646630e-03 3.79075010e-04 -9.87960610e-04
 -5.55139620e-04 1.51705920e-03 -1.06603400e-03
 2.16896110e-04 1.06653690e-03 -1.08397540e-03
 9.62594350e-04 3.52169500e-04 -1.09037290e-03
 1.67486050e-03 5.21219040e-04 -1.12913830e-03
 2.37045480e-03 9.72518170e-04 -1.18970910e-03
 3.05321950e-03 4.25895970e-04 -1.17907990e-03
 3.65796690e-03 -1.56294050e-03 -1.05094400e-03
 4.09329450e-03 -3.84358990e-03 -9.01019080e-04
 4.33845960e-03 -5.38328850e-03 -8.04303100e-04
 4.43779070e-03 -6.32226790e-03 -7.42234760e-04
 4.45934340e-03 -7.81219130e-03 -6.38526220e-04
 4.45340480e-03 -1.03477300e-02 -4.35211640e-04
 4.39473150e-03 -1.29918910e-02 -1.75072030e-04
 4.25681010e-03 -1.43656050e-02 7.93942580e-06
 4.09990270e-03 -1.39235880e-02 2.74786310e-05
 3.97276410e-03 -1.23667380e-02 -7.25164790e-05
 3.88598140e-03 -1.07875570e-02 -1.90286880e-04
 3.83531210e-03 -9.53131910e-03 -2.72787850e-04
 3.75716390e-03 -7.78308980e-03 -3.69698970e-04
 3.59609910e-03 -4.78631160e-03 -5.63487820e-04
 3.37498220e-03 -7.50610550e-04 -8.74858700e-04
 3.13728910e-03 3.31416070e-03 -1.23152850e-03
 2.89479180e-03 6.42560520e-03 -1.52867610e-03
 2.61675450e-03 8.53573810e-03 -1.73184460e-03
 2.27663320e-03 1.03244890e-02 -1.88745410e-03
 1.87126700e-03 1.23309460e-02 -2.04930150e-03
 1.41648330e-03 1.45421830e-02 -2.23392040e-03
 9.49447570e-04 1.65422320e-02 -2.41349310e-03
 5.13068980e-04 1.78627450e-02 -2.53016180e-03
 1.17933510e-04 1.83949990e-02 -2.55119330e-03
 -2.27699380e-04 1.82319000e-02 -2.48747320e-03
 -5.13279340e-04 1.74598020e-02 -2.36391230e-03
 -7.67659280e-04 1.62730270e-02 -2.20704780e-03
 -9.92312450e-04 1.48733340e-02 -2.04262510e-03
 -1.16024760e-03 1.32415780e-02 -1.86902760e-03
 -1.27609700e-03 1.13300050e-02 -1.66610230e-03
 -1.34839330e-03 9.22561810e-03 -1.42852080e-03
 -1.39438380e-03 7.14648140e-03 -1.17239950e-03
 -1.43961690e-03 5.25228770e-03 -9.19291690e-04
 -1.46369380e-03 3.65230350e-03 -6.87983880e-04
 -1.45809900e-03 2.39852630e-03 -4.86229840e-04
 -1.43064910e-03 1.46400460e-03 -3.13361350e-04
 -1.37044700e-03 7.90940540e-04 -1.68294630e-04
 -1.28861660e-03 3.34378680e-04 -4.90183560e-05
 -1.18581670e-03 4.55740080e-05 4.34255160e-05
 -1.05022230e-03 -1.44726550e-04 1.05822800e-04
 -9.04238840e-04 -2.75587280e-04 1.37918400e-04
 -7.53998760e-04 -4.12691760e-04 1.42673660e-04
 -5.85147590e-04 -5.86821990e-04 1.29812820e-04
 -4.03569430e-04 -7.95694010e-04 1.10013830e-04
 -2.06843950e-04 -1.05079890e-03 8.94599430e-05
 6.75844190e-06 -1.36939090e-03 7.65132570e-05
 2.29143920e-04 -1.72032590e-03 7.87504470e-05
 4.53351440e-04 -2.06647440e-03 9.69484610e-05
 6.49658500e-04 -2.37470260e-03 1.27806650e-04
 7.89437210e-04 -2.60297300e-03 1.65160880e-04
 8.64764090e-04 -2.71053870e-03 1.96356700e-04
 8.71947090e-04 -2.67958480e-03 2.11313240e-04
 8.23203470e-04 -2.53063460e-03 2.06077600e-04
 7.34527010e-04 -2.28285530e-03 1.79440510e-04
 6.20544420e-04 -1.98327610e-03 1.37019070e-04
 4.99629240e-04 -1.66731810e-03 8.45109830e-05
 3.84384270e-04 -1.34101440e-03 2.44204980e-05
 2.85807010e-04 -1.02804540e-03 -3.46721940e-05
 2.14948840e-04 -7.69809820e-04 -8.41122240e-05
 1.69273440e-04 -5.60963120e-04 -1.21392570e-04
 1.45491050e-04 -3.79985870e-04 -1.44295100e-04
 1.39671360e-04 -2.34691280e-04 -1.50287950e-04
 1.41521160e-04 -1.17730440e-04 -1.40729610e-04
 1.44539340e-04 -2.06469740e-06 -1.20221000e-04
 1.46188610e-04 1.20637550e-04 -9.29716990e-05
 1.41460620e-04 2.63453520e-04 -6.30921640e-05
 1.27055410e-04 4.37053300e-04 -3.45453660e-05
 1.06570490e-04 6.23704110e-04 -7.96599400e-06
 8.88939250e-05 8.09975960e-04 1.75168730e-05
 7.92627760e-05 9.91686360e-04 4.12354860e-05
 8.25192330e-05 1.15431820e-03 6.28701450e-05
 1.04938740e-04 1.29052380e-03 8.16570830e-05
 1.53672660e-04 1.39028000e-03 9.56727820e-05
 2.34913500e-04 1.43154510e-03 1.04505060e-04
 3.58673600e-04 1.39151640e-03 1.08145030e-04
 5.34572810e-04 1.24333500e-03 1.05799470e-04
 7.61212490e-04 9.73842920e-04 9.66127920e-05
 1.02496710e-03 6.04657980e-04 7.86558960e-05
 1.29636800e-03 1.79566440e-04 5.25370600e-05
 1.52924340e-03 -2.46646140e-04 2.34775690e-05
 1.67449650e-03 -5.97746690e-04 -3.11050460e-06
 1.70894600e-03 -8.17090040e-04 -2.42990500e-05
 1.63705270e-03 -9.00574670e-04 -3.73924300e-05
 1.47729810e-03 -8.52833500e-04 -3.95881070e-05
 1.26472830e-03 -7.03073570e-04 -3.23479000e-05
 1.04003640e-03 -5.14919930e-04 -2.01739080e-05
 8.15292590e-04 -3.11813780e-04 -4.26921540e-06
 6.02638810e-04 -1.10578610e-04 1.36357730e-05
 4.27444440e-04 4.03962990e-05 2.94419460e-05
 2.90069470e-04 1.42808840e-04 4.11687620e-05
 1.73706040e-04 2.25362000e-04 4.82383330e-05
 7.22396940e-05 2.85465560e-04 5.17495860e-05
 -1.67824000e-05 3.29559060e-04 5.49497160e-05
 -1.01797600e-04 3.76126440e-04 6.00516320e-05
 -1.79709920e-04 4.20285010e-04 6.86215570e-05
 -2.43498870e-04 4.56989360e-04 8.06454850e-05
 -2.91568200e-04 4.85175140e-04 9.38372400e-05
 -3.20517490e-04 4.98201120e-04 1.06886070e-04
 -3.20812110e-04 4.93079070e-04 1.17880430e-04
 -2.93476190e-04 4.71619600e-04 1.24748490e-04
 -2.50122420e-04 4.36934350e-04 1.27909840e-04
 -1.93727030e-04 3.90694420e-04 1.26336730e-04
 -1.24978410e-04 3.34550600e-04 1.19662040e-04
 -5.44864630e-05 2.80074400e-04 1.09588440e-04
 1.35956540e-05 2.32507400e-04 9.57654630e-05
 7.93144790e-05 1.87455010e-04 7.97469330e-05
 1.36826970e-04 1.46947680e-04 6.55962070e-05
 1.78228670e-04 1.15459040e-04 5.42661910e-05
 1.97688320e-04 9.56774750e-05 4.68310540e-05
 1.92540930e-04 9.22474430e-05 4.39981050e-05
 1.62458800e-04 1.04186550e-04 4.34811950e-05
 1.12941070e-04 1.28745700e-04 4.55549670e-05
 6.06920980e-05 1.60600200e-04 5.08825360e-05
 1.45264550e-05 1.85056560e-04 5.70467090e-05
 -2.10665090e-05 1.95944750e-04 6.32485240e-05
 -3.69394730e-05 1.94072780e-04 6.94415500e-05
 -3.81278590e-05 1.73315110e-04 7.41604820e-05
 -3.23416390e-05 1.41004040e-04 7.77567770e-05
 -1.63400800e-05 1.09717440e-04 8.04924780e-05
 4.20555720e-06 7.81069470e-05 8.13696320e-05
 2.66099380e-05 5.33795250e-05 8.11791830e-05
 4.64218500e-05 4.02722070e-05 8.07420870e-05
 5.19076530e-05 2.81809750e-05 7.90570270e-05
 4.92957810e-05 1.70605870e-05 7.59431640e-05
 4.29494500e-05 2.18938110e-06 7.09061640e-05
 3.05838510e-05 -2.13801380e-05 6.32535450e-05
 2.67084250e-05 -4.03206070e-05 5.42224150e-05
 3.04448690e-05 -5.42228150e-05 4.44296530e-05
 3.15307950e-05 -6.73855100e-05 3.39275360e-05
 3.65951560e-05 -6.80661110e-05 2.42462120e-05
 3.85998720e-05 -6.19479690e-05 1.58414770e-05
 2.73716540e-05 -5.52007840e-05 8.80669360e-06
 6.72573740e-06 -4.12896700e-05 4.56640690e-06
 -2.60165270e-05 -3.01848290e-05 2.95581280e-06
 -6.57683490e-05 -2.16183250e-05 3.62790800e-06
 -1.02769210e-04 -5.75019020e-06 6.88892990e-06
 -1.37147060e-04 7.65821370e-06 1.11408340e-05
 -1.67124290e-04 1.38170440e-05 1.53011240e-05
 -1.92336450e-04 1.47866020e-05 1.94367280e-05
 -2.14616130e-04 6.14280540e-06 2.23683260e-05
 -2.28123320e-04 -5.74690470e-06 2.37990630e-05
 -2.32713240e-04 -1.73057520e-05 2.41996690e-05
 -2.33914620e-04 -3.80077400e-05 2.28932680e-05
 -2.30449050e-04 -6.54496830e-05 2.02913580e-05
 -2.22458330e-04 -9.41337780e-05 1.72506010e-05
 -2.13052930e-04 -1.24536030e-04 1.36781170e-05
 -2.03673230e-04 -1.53550060e-04 1.02181400e-05
 -1.96740380e-04 -1.81055220e-04 7.10262160e-06
 -1.93221680e-04 -2.06138820e-04 3.78257120e-06
 -1.89367910e-04 -2.21100080e-04 4.48357610e-07
 -1.81888300e-04 -2.23258830e-04 -2.91122710e-06
 -1.71180280e-04 -2.13877730e-04 -6.34171690e-06
 -1.59294040e-04 -1.96143320e-04 -9.42536460e-06
 -1.47142010e-04 -1.76348850e-04 -1.22765070e-05
 -1.32986620e-04 -1.57592950e-04 -1.47761390e-05
 -1.14373760e-04 -1.40029220e-04 -1.64294450e-05
 -9.25392230e-05 -1.25937470e-04 -1.72769780e-05
 -6.91973180e-05 -1.12946730e-04 -1.70193960e-05
 -4.55708540e-05 -9.84556900e-05 -1.57023130e-05
 -2.55309370e-05 -8.55512120e-05 -1.40191820e-05
 -1.09486810e-05 -7.47108060e-05 -1.20899810e-05
 1.65709720e-07 -6.50702420e-05 -1.01129120e-05
 8.12990130e-06 -5.79048170e-05 -8.59892220e-06
 1.35270850e-05 -5.08507620e-05 -7.48443240e-06
 1.80571990e-05 -4.36528830e-05 -6.62128150e-06
 1.99245110e-05 -4.03808010e-05 -5.87502340e-06
 1.84082730e-05 -4.04720780e-05 -5.14473730e-06
 1.66848930e-05 -4.16762920e-05 -4.75126940e-06
 1.58833970e-05 -4.37833260e-05 -4.87016040e-06
 1.56244390e-05 -4.44937720e-05 -5.28299460e-06
 1.53413690e-05 -4.41838710e-05 -5.76967700e-06
 1.40615400e-05 -4.43155220e-05 -6.26055500e-06
 1.19709730e-05 -4.36428310e-05 -6.80281070e-06
 9.02501870e-06 -4.32776110e-05 -7.57420590e-06
 3.60459560e-06 -4.40344960e-05 -8.53204890e-06
 -2.90566550e-06 -4.35757170e-05 -9.46739330e-06
 -8.89886000e-06 -4.21031910e-05 -1.02163590e-05
 -1.52813860e-05 -4.08772940e-05 -1.07891000e-05
 -2.12561900e-05 -3.92794720e-05 -1.10799870e-05
 -2.58371840e-05 -3.73409710e-05 -1.11462410e-05
 -2.90291450e-05 -3.36582230e-05 -1.11745840e-05
 -3.04365040e-05 -2.69773660e-05 -1.11000600e-05
 -3.04497680e-05 -1.87841110e-05 -1.08334220e-05
 -3.06501720e-05 -1.07119210e-05 -1.03471190e-05
 -3.16617440e-05 -3.98565680e-06 -9.53423300e-06
 -3.38636270e-05 6.52365880e-07 -8.59799820e-06
 -3.70549530e-05 3.81621110e-06 -7.75517580e-06
 -4.13163180e-05 4.79020080e-06 -6.83580770e-06
 -4.59551370e-05 4.04914320e-06 -6.01844570e-06
 -5.03155240e-05 2.66243230e-06 -5.46541420e-06
 -5.40674370e-05 1.13040270e-07 -5.10185600e-06
 -5.68492430e-05 -3.51084080e-06 -4.90808720e-06
 -5.81035750e-05 -6.79358250e-06 -4.77764210e-06
 -5.80573430e-05 -9.45317240e-06 -4.61391940e-06
 -5.75096780e-05 -1.08926220e-05 -4.57127910e-06
 -5.69676270e-05 -1.02820380e-05 -4.56353520e-06
 -5.58951720e-05 -8.30178850e-06 -4.44254010e-06
 -5.41545670e-05 -5.13855680e-06 -4.30890490e-06
 -5.21539370e-05 -3.61061500e-07 -4.22150060e-06
 -4.96520620e-05 5.23714020e-06 -4.15012030e-06
 -4.68925210e-05 1.07161670e-05 -4.12782630e-06
 -4.42083870e-05 1.48399990e-05 -4.05289210e-06
 -4.11417240e-05 1.65682810e-05 -3.80312830e-06
 -3.79026420e-05 1.59810260e-05 -3.43630650e-06
 -3.48175270e-05 1.32694690e-05 -3.01840010e-06
 -3.17326520e-05 8.88687280e-06 -2.55174470e-06
 -2.88962840e-05 4.33812010e-06 -2.09282870e-06
 -2.60173400e-05 8.28775630e-09 -1.65878950e-06
 -2.33255050e-05 -3.57242630e-06 -1.29679970e-06
 -2.13128550e-05 -5.76132920e-06 -1.05668680e-06
 -1.95959530e-05 -6.61141710e-06 -9.30762380e-07
 -1.83253960e-05 -5.57948350e-06 -9.95349640e-07
 -1.76654780e-05 -2.47260750e-06 -1.26093760e-06
 -1.68427290e-05 1.55325940e-06 -1.57375200e-06
 -1.58066410e-05 6.00589560e-06 -1.90068350e-06
 -1.45971630e-05 1.05932240e-05 -2.21736720e-06
 -1.28522620e-05 1.42243530e-05 -2.38323240e-06
 -1.14540840e-05 1.67848720e-05 -2.43464710e-06
 -1.09249080e-05 1.79460040e-05 -2.40760160e-06
 -1.10474550e-05 1.73344630e-05 -2.27168970e-06
 -1.20409920e-05 1.54868780e-05 -2.11853220e-06
 -1.36420930e-05 1.28159090e-05 -1.97349600e-06
 -1.51725360e-05 9.83890100e-06 -1.81400870e-06
 -1.65357090e-05 7.60429160e-06 -1.65334720e-06
 -1.73711980e-05 6.24892800e-06 -1.45868250e-06
 -1.73700860e-05 5.67535880e-06 -1.23475330e-06
 -1.69035700e-05 5.95521030e-06 -1.03565500e-06
 -1.60760320e-05 6.46456190e-06 -8.53316980e-07
 -1.47592610e-05 6.47908470e-06 -6.92946570e-07
 -1.33709350e-05 6.05445850e-06 -5.88014980e-07
 -1.19459310e-05 5.25256250e-06 -5.09372910e-07
 -1.05728570e-05 4.20839800e-06 -4.37148490e-07
 -9.52068600e-06 3.19270340e-06 -3.75533600e-07
 -8.52874110e-06 2.18935200e-06 -3.06230820e-07
 -7.40247560e-06 1.21839930e-06 -2.16142820e-07
 -6.28571620e-06 5.00569170e-07 -1.17217030e-07
 -5.13463970e-06 6.45741520e-08 -2.02851390e-08
 -3.93492290e-06 -2.20771350e-07 7.12777750e-08
 -2.82913560e-06 -3.34887720e-07 1.48327700e-07
 -1.88987310e-06 -3.07549020e-07 1.98396340e-07
 -1.13627950e-06 -2.53921310e-07 2.17497730e-07
 -6.60012350e-07 -1.80449210e-07 2.04303590e-07
 -3.40368640e-07 -1.21721070e-07 1.72138120e-07
 -2.21349720e-07 -6.46576910e-08 1.23133460e-07
 -2.12812320e-07 -1.53502760e-08 7.30168850e-08
 -2.14479770e-07 1.63427070e-08 3.37157080e-08
