 7.70600843e+00
 7.47136545e+00
 7.23818970e+00
 7.00665998e+00
 6.77698135e+00
 6.54939318e+00
 6.32417440e+00
 6.10164976e+00
 5.88220024e+00
 5.66627836e+00
 5.45443821e+00
 5.24781275e+00
 5.04708290e+00
 4.85294676e+00
 4.66627455e+00
 4.48781061e+00
 4.31834507e+00
 4.15888166e+00
 4.01058674e+00
 3.87472296e+00
 3.75260520e+00
 3.64556432e+00
 3.55490708e+00
 3.48187208e+00
 3.42758250e+00
 3.39303589e+00
 3.37959051e+00
 3.39303589e+00
 3.42758250e+00
 3.48187208e+00
 3.55490708e+00
 3.64556432e+00
 3.75260520e+00
 3.87472296e+00
 4.01058674e+00
 4.15888166e+00
 7.44788790e+00
 7.21202946e+00
 6.97750807e+00
 6.74448347e+00
 6.51314211e+00
 6.28369904e+00
 6.05640650e+00
 5.83156061e+00
 5.60950804e+00
 5.39066029e+00
 5.17550898e+00
 4.96466827e+00
 4.75952291e+00
 4.56061459e+00
 4.36878824e+00
 4.18505669e+00
 4.01014090e+00
 3.84501839e+00
 3.69092393e+00
 3.54925156e+00
 3.42148733e+00
 3.30916524e+00
 3.21381807e+00
 3.13691759e+00
 3.07980609e+00
 3.04365468e+00
 3.02994013e+00
 3.04365468e+00
 3.07980609e+00
 3.13691759e+00
 3.21381807e+00
 3.30916524e+00
 3.42148733e+00
 3.54925156e+00
 3.69092393e+00
 3.84501839e+00
 7.27525330e+00
 7.03776169e+00
 6.80144501e+00
 6.56644392e+00
 6.33292103e+00
 6.10106707e+00
 5.87110472e+00
 5.64329767e+00
 5.41795826e+00
 5.19545698e+00
 4.97623920e+00
 4.76084280e+00
 4.54994297e+00
 4.34482145e+00
 4.14624691e+00
 3.95526552e+00
 3.77307153e+00
 3.60045457e+00
 3.43863034e+00
 3.28914285e+00
 3.15371013e+00
 3.03415298e+00
 2.93233514e+00
 2.85007954e+00
 2.78906679e+00
 2.75073647e+00
 2.73668504e+00
 2.75073647e+00
 2.78906679e+00
 2.85007954e+00
 2.93233514e+00
 3.03415298e+00
 3.15371013e+00
 3.28914285e+00
 3.43863034e+00
 3.60045457e+00
 7.10468102e+00
 6.86572599e+00
 6.62779903e+00
 6.39102173e+00
 6.15553570e+00
 5.92150593e+00
 5.68912697e+00
 5.45862913e+00
 5.23028660e+00
 5.00442886e+00
 4.78145170e+00
 4.56183767e+00
 4.34617901e+00
 4.13521767e+00
 3.93012047e+00
 3.73190880e+00
 3.54188156e+00
 3.36146617e+00
 3.19151568e+00
 3.03361416e+00
 2.88972640e+00
 2.76201105e+00
 2.65275311e+00
 2.56425214e+00
 2.49866843e+00
 2.45783544e+00
 2.44342995e+00
 2.45783544e+00
 2.49866843e+00
 2.56425214e+00
 2.65275311e+00
 2.76201105e+00
 2.88972640e+00
 3.03361416e+00
 3.19151568e+00
 3.36146617e+00
 6.93598795e+00
 6.69572878e+00
 6.45636606e+00
 6.21800423e+00
 5.98076487e+00
 5.74478960e+00
 5.51024532e+00
 5.27732992e+00
 5.04628038e+00
 4.81738138e+00
 4.59097910e+00
 4.36749697e+00
 4.14745855e+00
 3.93151712e+00
 3.72049236e+00
 3.51542020e+00
 3.31760406e+00
 3.12866449e+00
 2.95033360e+00
 2.78351092e+00
 2.63038707e+00
 2.49348688e+00
 2.37561703e+00
 2.27973104e+00
 2.20869374e+00
 2.16495299e+00
 2.15017486e+00
 2.16495299e+00
 2.20869374e+00
 2.27973104e+00
 2.37561703e+00
 2.49348688e+00
 2.63038707e+00
 2.78351092e+00
 2.95033360e+00
 3.12866449e+00
 6.86077833e+00
 6.61798191e+00
 6.37590170e+00
 6.13462162e+00
 5.89424086e+00
 5.65487528e+00
 5.41666126e+00
 5.17976189e+00
 4.94437265e+00
 4.71073103e+00
 4.47912693e+00
 4.24991846e+00
 4.02355528e+00
 3.80060410e+00
 3.58179283e+00
 3.36806226e+00
 3.16063976e+00
 2.96112084e+00
 2.77203250e+00
 2.59376740e+00
 2.42870998e+00
 2.27973104e+00
 2.15017486e+00
 2.04373908e+00
 1.96418536e+00
 1.91486740e+00
 1.89814341e+00
 1.91486740e+00
 1.96418536e+00
 2.04373908e+00
 2.15017486e+00
 2.27973104e+00
 2.42870998e+00
 2.59376740e+00
 2.77203250e+00
 2.96112084e+00
 6.79365110e+00
 6.54856396e+00
 6.30402613e+00
 6.06010294e+00
 5.81687069e+00
 5.57441998e+00
 5.33285761e+00
 5.09231091e+00
 4.85293436e+00
 4.61491585e+00
 4.37848663e+00
 4.14393473e+00
 3.91162395e+00
 3.68202138e+00
 3.45573497e+00
 3.23356962e+00
 3.01660895e+00
 2.80632687e+00
 2.60603118e+00
 2.41554618e+00
 2.23737931e+00
 2.07470655e+00
 1.93144667e+00
 1.81220949e+00
 1.72199261e+00
 1.66551840e+00
 1.64626312e+00
 1.66551840e+00
 1.72199261e+00
 1.81220949e+00
 1.93144667e+00
 2.07470655e+00
 2.23737931e+00
 2.41554618e+00
 2.60603118e+00
 2.80632687e+00
 6.73483324e+00
 6.48772526e+00
 6.24101639e+00
 5.99475431e+00
 5.74899483e+00
 5.50380421e+00
 5.25926065e+00
 5.01545858e+00
 4.77251148e+00
 4.53055859e+00
 4.28977299e+00
 4.05036974e+00
 3.81262493e+00
 3.57689428e+00
 3.34364820e+00
 3.11352158e+00
 2.88739181e+00
 2.66650391e+00
 2.45482588e+00
 2.25158501e+00
 2.05928111e+00
 1.88127065e+00
 1.72199261e+00
 1.58709657e+00
 1.48324990e+00
 1.41729438e+00
 1.39461625e+00
 1.41729438e+00
 1.48324990e+00
 1.58709657e+00
 1.72199261e+00
 1.88127065e+00
 2.05928111e+00
 2.25158501e+00
 2.45482588e+00
 2.66650391e+00
 6.68453693e+00
 6.43569899e+00
 6.18712997e+00
 5.93886185e+00
 5.69093180e+00
 5.44338465e+00
 5.19627285e+00
 4.94965982e+00
 4.70362234e+00
 4.45825434e+00
 4.21367311e+00
 3.97002554e+00
 3.72749949e+00
 3.48634005e+00
 3.24687386e+00
 3.00954700e+00
 2.77498913e+00
 2.54412127e+00
 2.32131004e+00
 2.10521865e+00
 1.89814341e+00
 1.70337582e+00
 1.52563703e+00
 1.37156308e+00
 1.24993622e+00
 1.17091131e+00
 1.14335668e+00
 1.17091131e+00
 1.24993622e+00
 1.37156308e+00
 1.52563703e+00
 1.70337582e+00
 1.89814341e+00
 2.10521865e+00
 2.32131004e+00
 2.54412127e+00
 6.64295959e+00
 6.39270163e+00
 6.14260530e+00
 5.89268923e+00
 5.64297581e+00
 5.39349079e+00
 5.14426517e+00
 4.89533615e+00
 4.64674902e+00
 4.39855814e+00
 4.15083218e+00
 3.90365720e+00
 3.65714288e+00
 3.41143274e+00
 3.16671848e+00
 2.92326283e+00
 2.68143940e+00
 2.44180298e+00
 2.20869374e+00
 1.98035181e+00
 1.75863481e+00
 1.54639494e+00
 1.34811592e+00
 1.17091131e+00
 1.02576232e+00
 9.27836955e-01
 8.92811537e-01
 9.27836955e-01
 1.02576232e+00
 1.17091131e+00
 1.34811592e+00
 1.54639494e+00
 1.75863481e+00
 1.98035181e+00
 2.20869374e+00
 2.44180298e+00
 6.61028910e+00
 6.35893679e+00
 6.10766459e+00
 5.85648108e+00
 5.60539627e+00
 5.35442305e+00
 5.10357523e+00
 4.85286951e+00
 4.60232639e+00
 4.35197067e+00
 4.10183287e+00
 3.85195088e+00
 3.60237312e+00
 3.35316133e+00
 3.10439754e+00
 2.85619307e+00
 2.60870385e+00
 2.36215734e+00
 2.12031007e+00
 1.88127065e+00
 1.64626312e+00
 1.41729438e+00
 1.19783235e+00
 9.94192839e-01
 8.18275273e-01
 6.91568851e-01
 6.43815577e-01
 6.91568851e-01
 8.18275273e-01
 9.94192839e-01
 1.19783235e+00
 1.41729438e+00
 1.64626312e+00
 1.88127065e+00
 2.12031007e+00
 2.36215734e+00
 6.58673334e+00
 6.33462381e+00
 6.08254004e+00
 5.83048487e+00
 5.57846069e+00
 5.32647085e+00
 5.07451916e+00
 4.82260990e+00
 4.57074785e+00
 4.31893873e+00
 4.06718969e+00
 3.81550789e+00
 3.56390357e+00
 3.31238770e+00
 3.06097388e+00
 2.80967903e+00
 2.55852365e+00
 2.30753350e+00
 2.05928111e+00
 1.81220949e+00
 1.56687796e+00
 1.32425356e+00
 1.08615208e+00
 8.56354773e-01
 6.43815577e-01
 4.72431451e-01
 3.99277449e-01
 4.72431451e-01
 6.43815577e-01
 8.56354773e-01
 1.08615208e+00
 1.32425356e+00
 1.56687796e+00
 1.81220949e+00
 2.05928111e+00
 2.30753350e+00
 6.57266140e+00
 6.32013607e+00
 6.06761074e+00
 5.81508541e+00
 5.56256008e+00
 5.31003475e+00
 5.05750942e+00
 4.80498409e+00
 4.55245876e+00
 4.29993343e+00
 4.04740810e+00
 3.79488301e+00
 3.54235768e+00
 3.28983235e+00
 3.03730702e+00
 2.78478169e+00
 2.53225636e+00
 2.27973104e+00
 2.02807808e+00
 1.77667260e+00
 1.52563703e+00
 1.27519000e+00
 1.02576232e+00
 7.78335035e-01
 5.35686910e-01
 3.09278995e-01
 1.78562313e-01
 3.09278995e-01
 5.35686910e-01
 7.78335035e-01
 1.02576232e+00
 1.27519000e+00
 1.52563703e+00
 1.77667260e+00
 2.02807808e+00
 2.27973104e+00
 6.57266140e+00
 6.32013607e+00
 6.06761074e+00
 5.81508541e+00
 5.56256008e+00
 5.31003475e+00
 5.05750942e+00
 4.80498409e+00
 4.55245876e+00
 4.29993343e+00
 4.04740810e+00
 3.79488301e+00
 3.54235768e+00
 3.28983235e+00
 3.03730702e+00
 2.78478169e+00
 2.53225636e+00
 2.27973104e+00
 2.02807808e+00
 1.77667260e+00
 1.52563703e+00
 1.27519000e+00
 1.02576232e+00
 7.78335035e-01
 5.35686910e-01
 3.09278995e-01
 1.78562313e-01
 3.09278995e-01
 5.35686910e-01
 7.78335035e-01
 1.02576232e+00
 1.27519000e+00
 1.52563703e+00
 1.77667260e+00
 2.02807808e+00
 2.27973104e+00
 6.58673334e+00
 6.33462381e+00
 6.08254004e+00
 5.83048487e+00
 5.57846069e+00
 5.32647085e+00
 5.07451916e+00
 4.82260990e+00
 4.57074785e+00
 4.31893873e+00
 4.06718969e+00
 3.81550789e+00
 3.56390357e+00
 3.31238770e+00
 3.06097388e+00
 2.80967903e+00
 2.55852365e+00
 2.30753350e+00
 2.05928111e+00
 1.81220949e+00
 1.56687796e+00
 1.32425356e+00
 1.08615208e+00
 8.56354773e-01
 6.43815577e-01
 4.72431451e-01
 3.99277449e-01
 4.72431451e-01
 6.43815577e-01
 8.56354773e-01
 1.08615208e+00
 1.32425356e+00
 1.56687796e+00
 1.81220949e+00
 2.05928111e+00
 2.30753350e+00
 6.61028910e+00
 6.35893679e+00
 6.10766459e+00
 5.85648108e+00
 5.60539627e+00
 5.35442305e+00
 5.10357523e+00
 4.85286951e+00
 4.60232639e+00
 4.35197067e+00
 4.10183287e+00
 3.85195088e+00
 3.60237312e+00
 3.35316133e+00
 3.10439754e+00
 2.85619307e+00
 2.60870385e+00
 2.36215734e+00
 2.12031007e+00
 1.88127065e+00
 1.64626312e+00
 1.41729438e+00
 1.19783235e+00
 9.94192839e-01
 8.18275273e-01
 6.91568851e-01
 6.43815577e-01
 6.91568851e-01
 8.18275273e-01
 9.94192839e-01
 1.19783235e+00
 1.41729438e+00
 1.64626312e+00
 1.88127065e+00
 2.12031007e+00
 2.36215734e+00
 6.64295959e+00
 6.39270163e+00
 6.14260530e+00
 5.89268923e+00
 5.64297581e+00
 5.39349079e+00
 5.14426517e+00
 4.89533615e+00
 4.64674902e+00
 4.39855814e+00
 4.15083218e+00
 3.90365720e+00
 3.65714288e+00
 3.41143274e+00
 3.16671848e+00
 2.92326283e+00
 2.68143940e+00
 2.44180298e+00
 2.20869374e+00
 1.98035181e+00
 1.75863481e+00
 1.54639494e+00
 1.34811592e+00
 1.17091131e+00
 1.02576232e+00
 9.27836955e-01
 8.92811537e-01
 9.27836955e-01
 1.02576232e+00
 1.17091131e+00
 1.34811592e+00
 1.54639494e+00
 1.75863481e+00
 1.98035181e+00
 2.20869374e+00
 2.44180298e+00
 6.68453693e+00
 6.43569899e+00
 6.18712997e+00
 5.93886185e+00
 5.69093180e+00
 5.44338465e+00
 5.19627285e+00
 4.94965982e+00
 4.70362234e+00
 4.45825434e+00
 4.21367311e+00
 3.97002554e+00
 3.72749949e+00
 3.48634005e+00
 3.24687386e+00
 3.00954700e+00
 2.77498913e+00
 2.54412127e+00
 2.32131004e+00
 2.10521865e+00
 1.89814341e+00
 1.70337582e+00
 1.52563703e+00
 1.37156308e+00
 1.24993622e+00
 1.17091131e+00
 1.14335668e+00
 1.17091131e+00
 1.24993622e+00
 1.37156308e+00
 1.52563703e+00
 1.70337582e+00
 1.89814341e+00
 2.10521865e+00
 2.32131004e+00
 2.54412127e+00
