 6.05472136e+00
 5.87035847e+00
 5.68714905e+00
 5.50523281e+00
 5.32477093e+00
 5.14595222e+00
 4.96899462e+00
 4.79415321e+00
 4.62172937e+00
 4.45207596e+00
 4.28563070e+00
 4.12328148e+00
 3.96556568e+00
 3.81302977e+00
 3.66635871e+00
 3.52613688e+00
 3.39298558e+00
 3.26769304e+00
 3.15117550e+00
 3.04442549e+00
 2.94847584e+00
 2.86437201e+00
 2.79314137e+00
 2.73575687e+00
 2.69310093e+00
 2.66595697e+00
 2.65539265e+00
 2.66595697e+00
 2.69310093e+00
 2.73575687e+00
 2.79314137e+00
 2.86437201e+00
 2.94847584e+00
 3.04442549e+00
 3.15117550e+00
 3.26769304e+00
 5.85191298e+00
 5.66659498e+00
 5.48232746e+00
 5.29923725e+00
 5.11746883e+00
 4.93719196e+00
 4.75860548e+00
 4.58194065e+00
 4.40747070e+00
 4.23551941e+00
 4.06647158e+00
 3.90081143e+00
 3.73962522e+00
 3.58334041e+00
 3.43261957e+00
 3.28825903e+00
 3.15082502e+00
 3.02108598e+00
 2.90001178e+00
 2.78869796e+00
 2.68831182e+00
 2.60005856e+00
 2.52514291e+00
 2.46472120e+00
 2.41984797e+00
 2.39144301e+00
 2.38066745e+00
 2.39144301e+00
 2.41984797e+00
 2.46472120e+00
 2.52514291e+00
 2.60005856e+00
 2.68831182e+00
 2.78869796e+00
 2.90001178e+00
 3.02108598e+00
 5.71627092e+00
 5.52967072e+00
 5.34399319e+00
 5.15934849e+00
 4.97586632e+00
 4.79369545e+00
 4.61301088e+00
 4.43402004e+00
 4.25696754e+00
 4.08214521e+00
 3.90990257e+00
 3.74066234e+00
 3.57495570e+00
 3.41378832e+00
 3.25776577e+00
 3.10770869e+00
 2.96455646e+00
 2.82892847e+00
 2.70178103e+00
 2.58432674e+00
 2.47791529e+00
 2.38397765e+00
 2.30397773e+00
 2.23934841e+00
 2.19140983e+00
 2.16129303e+00
 2.15025282e+00
 2.16129303e+00
 2.19140983e+00
 2.23934841e+00
 2.30397773e+00
 2.38397765e+00
 2.47791529e+00
 2.58432674e+00
 2.70178103e+00
 2.82892847e+00
 5.58224964e+00
 5.39449930e+00
 5.20755720e+00
 5.02151775e+00
 4.83649206e+00
 4.65261126e+00
 4.47002792e+00
 4.28892279e+00
 4.10951138e+00
 3.93205142e+00
 3.75685525e+00
 3.58430147e+00
 3.41485500e+00
 3.24909997e+00
 3.08795190e+00
 2.93221426e+00
 2.78290701e+00
 2.64115214e+00
 2.50761938e+00
 2.38355422e+00
 2.27049947e+00
 2.17015171e+00
 2.08430624e+00
 2.01476955e+00
 1.96323955e+00
 1.93115652e+00
 1.91983807e+00
 1.93115652e+00
 1.96323955e+00
 2.01476955e+00
 2.08430624e+00
 2.17015171e+00
 2.27049947e+00
 2.38355422e+00
 2.50761938e+00
 2.64115214e+00
 5.44970512e+00
 5.26093006e+00
 5.07285929e+00
 4.88557529e+00
 4.69917297e+00
 4.51376343e+00
 4.32947826e+00
 4.14647341e+00
 3.96493459e+00
 3.78508568e+00
 3.60719824e+00
 3.43160510e+00
 3.25871778e+00
 3.08904934e+00
 2.92324424e+00
 2.76211596e+00
 2.60668898e+00
 2.45823646e+00
 2.31811929e+00
 2.18704438e+00
 2.06673288e+00
 1.95916843e+00
 1.86655641e+00
 1.79121733e+00
 1.73540235e+00
 1.70103455e+00
 1.68942332e+00
 1.70103455e+00
 1.73540235e+00
 1.79121733e+00
 1.86655641e+00
 1.95916843e+00
 2.06673288e+00
 2.18704438e+00
 2.31811929e+00
 2.45823646e+00
 5.39061213e+00
 5.19984341e+00
 5.00963736e+00
 4.82006025e+00
 4.63118982e+00
 4.44311666e+00
 4.25594854e+00
 4.06981325e+00
 3.88486433e+00
 3.70128870e+00
 3.51931381e+00
 3.33922172e+00
 3.16136479e+00
 2.98618913e+00
 2.81426597e+00
 2.64633489e+00
 2.48336005e+00
 2.32659507e+00
 2.17802572e+00
 2.03796029e+00
 1.90827227e+00
 1.79121733e+00
 1.68942332e+00
 1.60579503e+00
 1.54328859e+00
 1.50453877e+00
 1.49139845e+00
 1.50453877e+00
 1.54328859e+00
 1.60579503e+00
 1.68942332e+00
 1.79121733e+00
 1.90827227e+00
 2.03796029e+00
 2.17802572e+00
 2.32659507e+00
 5.33786869e+00
 5.14530039e+00
 4.95316362e+00
 4.76150990e+00
 4.57039928e+00
 4.37990236e+00
 4.19010305e+00
 4.00110197e+00
 3.81302023e+00
 3.62600541e+00
 3.44023943e+00
 3.25594854e+00
 3.07341886e+00
 2.89301682e+00
 2.71522045e+00
 2.54066205e+00
 2.37019300e+00
 2.20497131e+00
 2.04759598e+00
 1.89792919e+00
 1.75794101e+00
 1.63012671e+00
 1.51756537e+00
 1.42387903e+00
 1.35299420e+00
 1.30862164e+00
 1.29349256e+00
 1.30862164e+00
 1.35299420e+00
 1.42387903e+00
 1.51756537e+00
 1.63012671e+00
 1.75794101e+00
 1.89792919e+00
 2.04759598e+00
 2.20497131e+00
 5.29165459e+00
 5.09749842e+00
 4.90365553e+00
 4.71016407e+00
 4.51706743e+00
 4.32441759e+00
 4.13227654e+00
 3.94071770e+00
 3.74983072e+00
 3.55972505e+00
 3.37053609e+00
 3.18243361e+00
 2.99563384e+00
 2.81041694e+00
 2.62715220e+00
 2.44633842e+00
 2.26866531e+00
 2.09511042e+00
 1.92879188e+00
 1.76910269e+00
 1.61800659e+00
 1.47814131e+00
 1.35299420e+00
 1.24700451e+00
 1.16541076e+00
 1.11358857e+00
 1.09577000e+00
 1.11358857e+00
 1.16541076e+00
 1.24700451e+00
 1.35299420e+00
 1.47814131e+00
 1.61800659e+00
 1.76910269e+00
 1.92879188e+00
 2.09511042e+00
 5.25213623e+00
 5.05662060e+00
 4.86131620e+00
 4.66624832e+00
 4.47144604e+00
 4.27694464e+00
 4.08278561e+00
 3.88901830e+00
 3.69570327e+00
 3.50291443e+00
 3.31074357e+00
 3.11930609e+00
 2.92874980e+00
 2.73926735e+00
 2.55111527e+00
 2.36464429e+00
 2.18034863e+00
 1.99895263e+00
 1.82388651e+00
 1.65410042e+00
 1.49139845e+00
 1.33836687e+00
 1.19871485e+00
 1.07765687e+00
 9.82092738e-01
 9.20001864e-01
 8.98351729e-01
 9.20001864e-01
 9.82092738e-01
 1.07765687e+00
 1.19871485e+00
 1.33836687e+00
 1.49139845e+00
 1.65410042e+00
 1.82388651e+00
 1.99895263e+00
 5.21946812e+00
 5.02283716e+00
 4.82633257e+00
 4.62997007e+00
 4.43376637e+00
 4.23774242e+00
 4.04192257e+00
 3.84633541e+00
 3.65101695e+00
 3.45600986e+00
 3.26136827e+00
 3.06715941e+00
 2.87346959e+00
 2.68041158e+00
 2.48813605e+00
 2.29684949e+00
 2.10684538e+00
 1.91855955e+00
 1.73540235e+00
 1.55599082e+00
 1.38178456e+00
 1.21502471e+00
 1.05923402e+00
 9.20001864e-01
 8.05956185e-01
 7.29014814e-01
 7.01494813e-01
 7.29014814e-01
 8.05956185e-01
 9.20001864e-01
 1.05923402e+00
 1.21502471e+00
 1.38178456e+00
 1.55599082e+00
 1.73540235e+00
 1.91855955e+00
 5.19379902e+00
 4.99630833e+00
 4.79888010e+00
 4.60152149e+00
 4.40424061e+00
 4.20704699e+00
 4.00995207e+00
 3.81296873e+00
 3.61611342e+00
 3.41940546e+00
 3.22286868e+00
 3.02653313e+00
 2.83043623e+00
 2.63462710e+00
 2.43916988e+00
 2.24415207e+00
 2.04969621e+00
 1.85598087e+00
 1.66595793e+00
 1.47814131e+00
 1.29349256e+00
 1.11358857e+00
 9.41154063e-01
 7.81151593e-01
 6.42930627e-01
 5.43375552e-01
 5.05855143e-01
 5.43375552e-01
 6.42930627e-01
 7.81151593e-01
 9.41154063e-01
 1.11358857e+00
 1.29349256e+00
 1.47814131e+00
 1.66595793e+00
 1.85598087e+00
 5.17529011e+00
 4.97720432e+00
 4.77913857e+00
 4.58109522e+00
 4.38307619e+00
 4.18508434e+00
 3.98712230e+00
 3.78919363e+00
 3.59130192e+00
 3.39345193e+00
 3.19564891e+00
 2.99789906e+00
 2.80021000e+00
 2.60259032e+00
 2.40505099e+00
 2.20760512e+00
 2.01026869e+00
 1.81306219e+00
 1.61800659e+00
 1.42387903e+00
 1.23111844e+00
 1.04048502e+00
 8.53405297e-01
 6.72850192e-01
 5.05855143e-01
 3.71196181e-01
 3.13718021e-01
 3.71196181e-01
 5.05855143e-01
 6.72850192e-01
 8.53405297e-01
 1.04048502e+00
 1.23111844e+00
 1.42387903e+00
 1.61800659e+00
 1.81306219e+00
 5.16423368e+00
 4.96582079e+00
 4.76740789e+00
 4.56899500e+00
 4.37058210e+00
 4.17216921e+00
 3.97375655e+00
 3.77534389e+00
 3.57693124e+00
 3.37851858e+00
 3.18010592e+00
 2.98169327e+00
 2.78328061e+00
 2.58486795e+00
 2.38645530e+00
 2.18804264e+00
 1.98962998e+00
 1.79121733e+00
 1.59349000e+00
 1.39595711e+00
 1.19871485e+00
 1.00193501e+00
 8.05956185e-01
 6.11549020e-01
 4.20896888e-01
 2.43004933e-01
 1.40298963e-01
 2.43004933e-01
 4.20896888e-01
 6.11549020e-01
 8.05956185e-01
 1.00193501e+00
 1.19871485e+00
 1.39595711e+00
 1.59349000e+00
 1.79121733e+00
 5.16423368e+00
 4.96582079e+00
 4.76740789e+00
 4.56899500e+00
 4.37058210e+00
 4.17216921e+00
 3.97375655e+00
 3.77534389e+00
 3.57693124e+00
 3.37851858e+00
 3.18010592e+00
 2.98169327e+00
 2.78328061e+00
 2.58486795e+00
 2.38645530e+00
 2.18804264e+00
 1.98962998e+00
 1.79121733e+00
 1.59349000e+00
 1.39595711e+00
 1.19871485e+00
 1.00193501e+00
 8.05956185e-01
 6.11549020e-01
 4.20896888e-01
 2.43004933e-01
 1.40298963e-01
 2.43004933e-01
 4.20896888e-01
 6.11549020e-01
 8.05956185e-01
 1.00193501e+00
 1.19871485e+00
 1.39595711e+00
 1.59349000e+00
 1.79121733e+00
 5.17529011e+00
 4.97720432e+00
 4.77913857e+00
 4.58109522e+00
 4.38307619e+00
 4.18508434e+00
 3.98712230e+00
 3.78919363e+00
 3.59130192e+00
 3.39345193e+00
 3.19564891e+00
 2.99789906e+00
 2.80021000e+00
 2.60259032e+00
 2.40505099e+00
 2.20760512e+00
 2.01026869e+00
 1.81306219e+00
 1.61800659e+00
 1.42387903e+00
 1.23111844e+00
 1.04048502e+00
 8.53405297e-01
 6.72850192e-01
 5.05855143e-01
 3.71196181e-01
 3.13718021e-01
 3.71196181e-01
 5.05855143e-01
 6.72850192e-01
 8.53405297e-01
 1.04048502e+00
 1.23111844e+00
 1.42387903e+00
 1.61800659e+00
 1.81306219e+00
 5.19379902e+00
 4.99630833e+00
 4.79888010e+00
 4.60152149e+00
 4.40424061e+00
 4.20704699e+00
 4.00995207e+00
 3.81296873e+00
 3.61611342e+00
 3.41940546e+00
 3.22286868e+00
 3.02653313e+00
 2.83043623e+00
 2.63462710e+00
 2.43916988e+00
 2.24415207e+00
 2.04969621e+00
 1.85598087e+00
 1.66595793e+00
 1.47814131e+00
 1.29349256e+00
 1.11358857e+00
 9.41154063e-01
 7.81151593e-01
 6.42930627e-01
 5.43375552e-01
 5.05855143e-01
 5.43375552e-01
 6.42930627e-01
 7.81151593e-01
 9.41154063e-01
 1.11358857e+00
 1.29349256e+00
 1.47814131e+00
 1.66595793e+00
 1.85598087e+00
 5.21946812e+00
 5.02283716e+00
 4.82633257e+00
 4.62997007e+00
 4.43376637e+00
 4.23774242e+00
 4.04192257e+00
 3.84633541e+00
 3.65101695e+00
 3.45600986e+00
 3.26136827e+00
 3.06715941e+00
 2.87346959e+00
 2.68041158e+00
 2.48813605e+00
 2.29684949e+00
 2.10684538e+00
 1.91855955e+00
 1.73540235e+00
 1.55599082e+00
 1.38178456e+00
 1.21502471e+00
 1.05923402e+00
 9.20001864e-01
 8.05956185e-01
 7.29014814e-01
 7.01494813e-01
 7.29014814e-01
 8.05956185e-01
 9.20001864e-01
 1.05923402e+00
 1.21502471e+00
 1.38178456e+00
 1.55599082e+00
 1.73540235e+00
 1.91855955e+00
 5.25213623e+00
 5.05662060e+00
 4.86131620e+00
 4.66624832e+00
 4.47144604e+00
 4.27694464e+00
 4.08278561e+00
 3.88901830e+00
 3.69570327e+00
 3.50291443e+00
 3.31074357e+00
 3.11930609e+00
 2.92874980e+00
 2.73926735e+00
 2.55111527e+00
 2.36464429e+00
 2.18034863e+00
 1.99895263e+00
 1.82388651e+00
 1.65410042e+00
 1.49139845e+00
 1.33836687e+00
 1.19871485e+00
 1.07765687e+00
 9.82092738e-01
 9.20001864e-01
 8.98351729e-01
 9.20001864e-01
 9.82092738e-01
 1.07765687e+00
 1.19871485e+00
 1.33836687e+00
 1.49139845e+00
 1.65410042e+00
 1.82388651e+00
 1.99895263e+00
