   570   569   534
   405   440   404
    50    85    49
   319   318   284
   426   425   390
   429   394   430
   320   321   356
   384   419   418
   359   323   324
    52    17    18
   135   170   134
   465   430   431
   242   243   277
   277   312   276
   414   380   415
   124   125   160
   408   374   409
    92    91    56
   510   509   474
   224   188   189
   227   191   192
   192   191   157
   113   149   148
   250   249   215
   433   434   468
   534   499   500
   538   503   504
   500   535   534
   534   569   533
   470   505   469
   505   539   504
   575   539   540
   504   469   505
   542   577   541
   332   368   367
   374   373   338
   473   474   509
   408   407   373
   235   270   269
   552   518   553
   446   481   480
   520   554   519
   445   479   444
   382   346   347
   483   484   519
   132    97    98
   243   244   278
   380   381   415
   346   382   381
   173   174   208
   128   129   164
   413   379   414
   241   206   242
   205   206   241
    62    27    28
    63    29    64
    63    64    99
   172   173   207
    30    31    65
   138   139   174
   142   141   106
     6     7    41
   211   141   176
   110   109    75
    36     1     2
   216   180   181
    40    75    39
   215   179   180
    74    73    38
   221   222   256
   111   146   110
    77   111    76
    46    45    11
   153   188   187
    47    12    13
    82    81    46
    13    14    48
    81    82   116
   114   149   113
    12    46    11
    44    79    43
   187   223   222
   396   397   432
   117   118   153
   395   396   431
    83    84   118
   365   329   330
   119    85   120
   157   158   192
   324   323   289
   187   152   153
   154   155   189
   193   192   158
   182   147   148
   219   184   220
   288   252   253
   254   253   219
   252   287   251
   212   247   246
   285   319   284
   179   145   180
   252   251   217
   285   284   249
   212   176   177
   142   106   107
   214   248   213
   176   141   142
   248   247   213
   143   178   177
   216   250   215
   352   387   386
   283   282   247
   213   177   178
   356   357   391
   355   354   319
   322   357   321
   287   252   288
   459   460   495
   355   356   390
   390   356   391
   321   286   287
   319   354   318
   355   390   389
   424   388   389
   354   355   389
   457   458   493
   526   561   491
   563   528   564
   425   389   390
   496   495   460
   427   392   428
   528   494   529
   459   458   424
   428   392   393
   391   357   392
   463   429   464
   468   469   504
   533   532   498
   570   535   571
   538   574   573
   465   464   430
   542   543   578
   576   575   540
   467   432   433
   253   289   288
   502   466   467
   363   397   362
   542   541   507
   398   433   397
   394   395   430
   430   395   431
   294   258   259
   470   436   471
   325   360   324
   393   392   358
   324   290   325
   329   328   294
   399   365   400
   366   367   401
   399   364   365
   264   263   229
   472   438   473
   437   436   401
   441   440   405
   265   230   231
   445   409   410
   450   415   451
   550   586   585
   513   547   512
   447   481   446
   516   515   480
   507   471   472
   473   439   474
   441   475   440
   473   438   439
   475   510   474
   508   473   509
   507   541   506
   544   509   510
   583   547   548
   550   549   515
   580   579   544
   513   514   548
   582   581   546
   416   452   451
   552   587   551
   554   553   519
   554   589   553
   588   553   589
   523   557   522
   521   555   520
   455   489   454
   450   485   484
   452   487   486
   521   556   555
   278   279   314
   488   524   523
   490   525   489
   419   454   418
   132   168   167
   133    99   134
   384   418   383
   453   488   487
   274   273   239
   347   313   348
   347   383   382
   418   417   383
   314   349   348
   385   384   349
   385   349   350
   345   346   381
   312   313   347
   100    64    65
   277   278   313
   280   315   279
   279   278   244
   309   308   273
   307   341   306
   274   240   275
   202   238   237
   410   409   375
   375   374   339
   310   344   309
   377   378   412
   341   340   306
   338   339   374
   369   403   368
   330   366   365
   302   301   266
   198   163   164
   332   367   331
   261   226   227
   337   372   336
   160   194   159
   307   306   271
   337   338   373
   308   272   273
   269   305   304
   232   196   197
   234   269   268
   122   121    87
    55    56    91
   193   159   194
   124    90   125
    19    20    54
    94    95   129
    59    95    94
    60    61    96
   167   202   201
    63    62    28
    30    64    29
   239   238   203
    99    64   100
   136   171   135
    99    98    63
   205   170   171
    69   105   104
   105   140   139
    30    65    64
    66   101    65
   139   140   175
    38     3     4
    38     4    39
    74   108    73
    37     2     3
    38    37     3
    37    36     2
    73    37    38
    72    36    37
   106    71    72
    71     1    36
    72    71    36
   107   106    72
   141    71   106
    73   107    72
   214   179   215
    75   109    74
   144   179   178
    37    73    72
    38    39    74
    75    74    39
   108   107    73
    40    76    75
   147   112   148
   146   145   110
   145   109   110
    78   112    77
   110    75    76
    76   111   110
    79   113    78
   181   182   217
   111    77   112
    76    41    77
    77    42    78
    45    10    11
    10    44     9
    42    77    41
     4     5    39
    42    43    78
     7    42    41
     7     8    42
    40     5     6
    76    40    41
    39     5    40
    40     6    41
    43     8     9
    43    42     8
   152   116   117
    44    10    45
    80    79    44
    43     9    44
    47    46    12
    47    83    82
    48    84    83
   120    85    86
    47    48    83
    51    16    17
    13    48    47
    14    49    48
    48    49    84
    88    52    53
    14    15    49
    15    16    50
   122   157   121
   190   189   155
    51    17    52
    53    52    18
    86    85    50
    86    50    51
    49    15    50
    87    51    52
    50    16    51
    87   121    86
    84    49    85
    87    86    51
   156   157   191
   123   122    88
    87    52    88
   189   188   154
   119   118    84
    86   121   120
    87    88   122
    83   118   117
    84    85   119
   155   154   119
   154   153   118
    46    47    82
   150   185   184
    46    81    45
   115   150   114
   117    82    83
   117   116    82
    43    79    78
    44    45    80
    81    80    45
   151   116   152
    78   113   112
    79    80   114
    79   114   113
    80    81   115
    80   115   114
    81   116   115
   255   220   221
   150   115   151
   116   151   115
   152   186   151
   186   187   222
   223   258   257
   223   187   188
   221   220   185
   151   186   185
   152   187   186
   117   153   152
   118   119   154
   120   155   119
   188   153   154
   121   156   120
   190   226   225
    89   123    88
   158   157   122
   120   156   155
   121   157   156
   193   229   228
   297   298   332
   156   190   155
   224   223   188
   191   190   156
   191   226   190
   190   225   189
   260   261   296
   297   261   262
   226   191   227
   193   228   192
   227   192   228
   228   262   227
   295   294   259
   227   262   261
   228   263   262
   224   259   258
   225   226   260
   225   260   259
   226   261   260
   294   293   258
   223   224   258
   255   256   291
   222   223   257
   225   224   189
   225   259   224
   253   218   219
   185   186   221
   222   221   186
   256   257   292
   290   255   291
   290   254   255
   221   256   255
   222   257   256
   253   254   289
   220   255   254
   322   321   287
   286   251   287
   217   218   252
   219   183   184
   251   216   217
   215   180   216
   252   218   253
   148   112   113
   149   183   148
   184   185   220
   254   219   220
   218   183   219
   149   184   183
   149   150   184
   218   217   182
   147   181   146
   185   150   151
   149   114   150
   112   147   111
   180   145   146
   182   181   147
   146   111   147
   216   181   217
   180   146   181
   183   182   148
   183   218   182
   143   108   144
   144   145   179
   109   108    74
   109   145   144
   177   142   143
   108   109   144
   108   143   107
   177   176   142
   178   143   144
   142   107   143
   246   211   212
   213   212   177
   211   176   212
   283   318   317
   316   317   352
   179   214   178
   247   212   213
   249   214   215
   213   178   214
   249   248   214
   282   283   317
   251   250   216
   251   286   250
   351   281   316
   282   246   247
   281   211   246
   282   317   316
   424   423   388
   386   351   352
   316   352   351
   353   354   388
   353   317   318
   316   281   282
   249   284   248
   249   250   285
   246   282   281
   247   248   283
   284   283   248
   284   318   283
   286   285   250
   286   320   285
   286   321   320
   287   288   322
   289   323   288
   359   394   393
   323   322   288
   323   358   322
   357   358   392
   357   322   358
   320   319   285
   320   355   319
   320   356   355
   321   357   356
   499   498   463
   462   461   427
   359   393   358
   394   429   393
   323   359   358
   360   395   394
   392   427   391
   495   529   494
   464   429   430
   428   393   429
   391   426   390
   494   493   458
   427   426   391
   497   498   532
   459   424   425
   389   425   424
   422   387   423
   388   354   389
   387   388   423
   387   353   388
   456   421   422
   352   353   387
   317   353   352
   318   354   353
   491   421   456
   422   386   387
   421   351   386
   457   422   423
   421   386   422
   492   457   493
   423   424   458
   426   460   425
   494   458   459
   422   457   456
   423   458   457
   425   460   459
   426   427   461
   457   492   456
   527   526   492
   491   456   492
   492   526   491
   492   493   527
   526   562   561
   526   527   562
   494   528   493
   563   562   527
   527   528   563
   529   565   564
   529   495   530
   564   528   529
   527   493   528
   459   495   494
   531   497   532
   566   530   531
   565   529   530
   565   530   566
   566   531   567
   461   460   426
   567   532   568
   568   532   533
   499   534   533
   569   568   533
   570   534   535
   533   498   499
   462   463   498
   464   465   500
   531   496   497
   530   495   496
   567   531   532
   530   496   531
   428   462   427
   496   460   461
   461   497   496
   461   462   497
   429   463   428
   498   497   462
   499   463   464
   462   428   463
   500   465   501
   431   432   466
   503   502   467
   466   432   467
   467   433   468
   432   397   433
   468   503   467
   536   535   501
   504   503   468
   538   539   574
   466   465   431
   466   502   501
   466   501   465
   502   536   501
   535   500   501
   499   464   500
   503   537   502
   571   535   536
   571   536   572
   572   536   537
   573   537   538
   572   537   573
   536   502   537
   503   538   537
   504   539   538
   470   506   505
   540   539   505
   574   539   575
   506   540   505
   541   576   540
   576   541   577
   543   544   579
   471   506   470
   541   540   506
   509   543   508
   578   577   542
   472   508   507
   508   542   507
   434   435   469
   471   507   506
   435   436   470
   437   438   472
   435   434   399
   469   468   434
   436   435   400
   470   469   435
   401   436   400
   437   471   436
   508   472   473
   471   437   472
   403   404   439
   438   437   402
   333   368   332
   401   400   366
   369   368   333
   402   367   368
   396   362   397
   330   329   295
   400   365   366
   364   328   329
   435   399   400
   434   433   398
   402   401   367
   402   437   401
   399   398   364
   399   434   398
   432   431   396
   394   359   360
   360   361   395
   361   362   396
   324   360   359
   292   291   256
   326   361   325
   396   395   361
   327   328   363
   363   398   397
   398   363   364
   363   362   327
   363   328   364
   327   362   326
   360   325   361
   324   289   290
   361   326   362
   325   291   326
   325   290   291
   289   254   290
   258   293   257
   326   291   292
   292   327   326
   292   293   327
   327   293   328
   292   257   293
   260   295   259
   328   293   294
   295   329   294
   365   364   329
   296   295   260
   296   330   295
   297   332   331
   367   366   331
   296   297   331
   333   334   369
   331   330   296
   331   366   330
   261   297   296
   262   298   297
   370   371   405
   263   298   262
   298   333   332
   298   299   333
   335   370   334
   403   438   402
   335   336   371
   372   407   406
   301   336   335
   372   373   407
   300   335   334
   300   301   335
   267   302   266
   303   337   302
   340   339   305
   267   266   232
   340   305   306
   165   199   164
   308   307   272
   343   309   344
   305   339   304
   340   375   339
   308   342   307
   376   411   410
   302   337   336
   303   304   338
   303   338   337
   304   339   338
   341   376   340
   409   374   375
   376   410   375
   480   479   445
   340   376   375
   342   308   343
   477   476   442
   408   373   374
   341   377   376
   447   448   482
   443   477   442
   406   371   372
   444   408   409
   443   442   407
   442   441   406
   441   405   406
   370   405   404
   371   406   405
   336   372   371
   337   373   372
   370   404   369
   439   438   403
   334   370   369
   335   371   370
   368   403   402
   369   404   403
   440   439   404
   440   474   439
   407   442   406
   475   474   440
   408   443   407
   514   479   515
   444   443   408
   478   479   514
   442   476   441
   546   581   545
   444   478   443
   512   546   511
   511   545   510
   545   580   544
   476   475   441
   476   511   475
   545   544   510
   579   578   543
   508   543   542
   509   544   543
   511   546   545
   581   580   545
   512   547   546
   547   582   546
   583   582   547
   475   511   510
   476   477   512
   476   512   511
   513   548   547
   550   585   549
   584   583   548
   514   549   548
   549   584   548
   584   549   585
   516   517   551
   516   551   550
   587   586   551
   516   550   515
   551   586   550
   482   517   481
   518   552   517
   479   480   515
   481   517   516
   477   513   512
   513   478   514
   549   514   515
   513   477   478
   443   478   477
   444   479   478
   409   445   444
   410   411   446
   446   480   445
   481   516   480
   410   446   445
   411   447   446
   484   483   449
   518   517   482
   412   413   448
   414   415   450
   450   484   449
   485   520   484
   484   520   519
   485   486   521
   488   523   487
   555   591   590
   447   482   481
   483   518   482
   519   518   483
   519   553   518
   588   552   553
   551   517   552
   587   552   588
   589   554   590
   590   554   555
   522   557   556
   557   592   556
   520   555   554
   556   591   555
   485   521   520
   486   522   521
   521   522   556
   591   556   592
   557   593   592
   557   558   593
   559   524   525
   594   558   559
   559   558   524
   594   593   558
   594   559   595
   524   489   525
   595   559   560
   487   522   486
   523   558   557
   420   490   455
   560   559   525
   416   417   452
   454   489   488
   487   523   522
   524   558   523
   452   453   487
   489   524   488
   560   525   490
   350   420   385
   490   489   455
   420   419   385
   455   454   419
   419   420   455
   417   382   383
   381   380   345
   382   417   416
   418   454   453
   485   451   486
   417   418   453
   417   453   452
   454   488   453
   416   451   415
   452   486   451
   412   447   411
   448   483   482
   414   450   449
   451   485   450
   376   377   411
   413   449   448
   412   448   447
   449   483   448
   378   343   379
   414   449   413
   344   379   343
   380   414   379
   342   377   341
   308   309   343
   411   377   412
   342   343   378
   413   378   379
   413   412   378
   377   342   378
   341   307   342
   379   344   380
   309   273   274
   311   310   275
   311   345   310
   344   345   380
   344   310   345
   345   311   346
   244   243   208
   416   381   382
   416   415   381
   311   312   346
   311   275   276
   314   348   313
   349   384   348
   348   384   383
   385   419   384
   312   347   346
   348   383   347
   245   280   279
   350   349   315
   278   314   313
   315   349   314
   311   276   312
   275   240   241
   312   277   313
   207   206   172
   276   242   277
   241   240   205
   208   209   244
   315   314   279
   244   245   279
   280   350   315
   210   280   245
   209   210   245
   244   209   245
   136   172   171
   210   175   140
   210   209   175
   138   173   137
   208   207   173
   209   174   175
   209   208   174
   243   207   208
   242   206   207
   277   243   278
   242   207   243
   204   205   240
   101   135   100
   204   170   205
   101   100    65
   206   171   172
   206   205   171
   203   168   169
   166   200   165
   170   204   169
   237   272   271
   203   202   168
   270   306   305
   239   204   240
   203   169   204
   166   167   201
   203   238   202
   204   239   203
   273   272   238
   276   241   242
   276   275   241
   274   239   240
   273   238   239
   310   274   275
   310   309   274
   236   271   270
   272   307   271
   202   237   201
   238   272   237
   234   235   269
   271   306   270
   305   269   270
   268   303   267
   237   236   201
   237   271   236
   268   267   233
   125   161   160
   198   234   233
   199   200   235
   234   268   233
   303   302   267
   304   268   269
   304   303   268
   265   301   300
   302   336   301
   334   299   300
   334   333   299
   301   265   266
   264   299   263
   265   264   230
   299   298   263
   264   229   230
   263   228   229
   300   264   265
   300   299   264
   267   232   233
   195   230   194
   198   197   163
   232   231   196
   159   193   158
   194   229   193
   266   231   232
   266   265   231
   122   123   158
   194   230   229
   160   195   194
   161   196   195
   231   195   196
   231   230   195
   197   162   163
   196   161   162
   197   198   233
   164   199   198
   232   197   233
   196   162   197
   198   199   234
    60    95    59
   199   235   234
   236   270   235
   236   200   201
   236   235   200
   199   165   200
   129    95   130
   200   166   201
   165   164   129
   131   130    96
   166   165   130
   165   129   130
   128   163   127
   131    96    97
   130    95    96
   128    93    94
    57    23    58
   128    94   129
    93    57    58
   162   127   163
   126   161   125
   163   128   164
   127    93   128
   123   124   159
   161   195   160
   124   123    89
   159   158   123
   159   124   160
    92    56    57
    89    90   124
    54    53    19
    54    55    90
   126   162   161
   126    91    92
   125    90    91
    91   126   125
   127   162   126
   127    92    93
   127   126    92
    89    53    54
    89    88    53
    89    54    90
    53    18    19
    20    21    55
    21    56    55
    90    55    91
    54    20    55
    22    56    21
    23    57    22
    92    57    93
    56    22    57
    94    58    59
    94    93    58
    23    24    58
    60    96    95
    24    25    59
    26    27    61
    59    58    24
    60    25    26
    60    59    25
    62    61    27
    31    66    65
    32    67    66
    97    61    62
    28    29    63
   134    99   100
   133   168   132
    96    61    97
    60    26    61
    98    62    63
    98    97    62
   167   131   132
   166   130   131
   131   167   166
   168   202   167
    97   132   131
    98    99   133
   169   134   170
   133   132    98
   170   135   171
   134   100   135
   169   133   134
   169   168   133
   102   101    66
   102   136   101
    67   103   102
   137   172   136
   101   136   135
   137   173   172
   102   137   136
    69   104    68
   173   138   174
   137   102   103
   174   139   175
   138   103   104
   137   103   138
   102    66    67
   104   105   139
    70   140   105
   138   104   139
   103    67    68
    31    32    66
    68   104   103
    32    33    67
    34    35    69
    33    68    67
    34    68    33
    34    69    68
    70   105    69
    70    69    35
