   1.000000000000000000     0.000000000000000000
   0.998783788694897146    -0.049113220839282233
   0.995138144491583998    -0.098105123826917939
   0.989072266659404287    -0.146854705409855346
   0.980601361528411597    -0.195241578090625173
   0.969746605117601801    -0.243146261937848940
   0.956535263462633845    -0.290450526034520096
   0.941000446400475754    -0.337037656814091369
   0.923181136337733577    -0.382792786079108105
   0.903121866610781310    -0.427603094044900101
   0.880872940354810452    -0.471358224408542525
   0.856490113440509848    -0.513950537298662802
   0.830034476871230442    -0.555275220778241096
   0.801572183907593550    -0.595230858017605668
   0.771174475590880815    -0.633719271579765375
   0.738917409786479351    -0.670646308893725451
   0.704881718558201031    -0.705921527702278007
   0.669152389426715954    -0.739458849691841946
   0.631818736894568689    -0.771176387430073551
   0.592973982477027262    -0.800997159605416731
   0.552715174705516676    -0.828848753123274107
   0.511142701218029627    -0.854663849575463597
   0.468360140323761887    -0.878380353234462619
   0.424474276284874830    -0.899941199603331521
   0.379594345835482960    -0.919295109162526103
   0.333832008487748910    -0.936396155522940421
   0.287300989596328826    -0.951204298806388904
   0.240117113112908565    -0.963685006562361668
   0.192397441988634621    -0.973809897128960156
   0.144260206984063305    -0.981556266538579858
   0.095824969963755363    -0.986907629802787234
   0.047211524539926199    -0.989853409832547659
  -0.001459900360068906    -0.990388986336795396
  -0.050069180712796979    -0.988516016294934241
  -0.098496136183649274    -0.984241905237675629
  -0.146621558369652266    -0.977580357409536860
  -0.194326996333024221    -0.968550747037791093
  -0.241495362412477987    -0.957178622853458116
  -0.288010702648479888    -0.943495273282826341
  -0.333759196062520358    -0.927537661935751490
  -0.378629004098274435    -0.909348479844450996
  -0.422510735880623323    -0.888975842744158529
  -0.465297292680637020    -0.866473628596564516
  -0.506885088292129082    -0.841900339862983960
  -0.547173177055209958    -0.815320103112536887
  -0.586064032202095908    -0.786801955328892633
  -0.623464320882987755    -0.756419219236007745
  -0.659284098498493121    -0.724250261212972091
  -0.693437447682088037    -0.690377689233280800
  -0.725843395562002835    -0.654887882791784670
  -0.756424798874848037    -0.617871731830313853
  -0.785109850291154432    -0.579423093685638491
  -0.811831119538537593    -0.539639732167476738
  -0.836526306785595142    -0.498622635959662441
  -0.859138676135767221    -0.456475097139641350
  -0.879616501028133380    -0.413303647332347368
  -0.897913387405575025    -0.369217111721270586
  -0.913988990413392655    -0.324325849217812379
  -0.927808110357845939    -0.278742547406328089
  -0.939341485016268574    -0.232581468951051834
  -0.948565764521435928    -0.185957386784211171
  -0.955463273503757260    -0.138986884356750356
  -0.960022206283649981    -0.091786223095236694
  -0.962236697400243424    -0.044472688779812232
  -0.962106755556366822     0.002836427040734086
  -0.959638272797774472     0.050024805053950468
  -0.954842966147690708     0.096976016759796391
  -0.947738458303181486     0.143574519541057488
  -0.938347904856665416     0.189706603277789237
  -0.926700327965284565     0.235259109920602977
  -0.912830208961259437     0.280121527268160420
  -0.896777597321397502     0.324184677313037739
  -0.878587949755265885     0.367341680094941447
  -0.858311706128692786     0.409488837898974500
  -0.836004642356808381     0.450524622368406624
  -0.811727563727778323     0.490350613271591518
  -0.785545600293797053     0.528872219089212781
  -0.757529090787907311     0.565997703047728673
  -0.727752119882253079     0.601639734789909841
  -0.696293410807952817     0.635714424716552928
  -0.663235750589812323     0.668142121856858839
  -0.628665174736806387     0.698847979081107074
  -0.592671755824710322     0.727761240358505312
  -0.555348812868624808     0.754815796160141161
  -0.516792443366292487     0.779950767631370834
  -0.477101316403513220     0.803110355970882539
  -0.436377711187755590     0.824243083844504509
  -0.394725111380987370     0.843303533731562194
  -0.352248952371561397     0.860251551394588532
  -0.309057587541643475     0.875051828383843655
  -0.265259601074992746     0.887675094362393446
  -0.220964715761648139     0.898097546883869002
  -0.176284827697296198     0.906300698319994713
  -0.131331150153363024     0.912272102698617249
  -0.086215142014148358     0.916004569868634877
  -0.041049650197566109     0.917496811910186172
   0.004054091166845690     0.916752970742192641
   0.048985377551193490     0.913782868546958227
   0.093633035850889557     0.908601979482591471
   0.137888300975896466     0.901231056577666112
   0.181643345266456036     0.891696327481973694
   0.224792433685479104     0.880029355585441042
   0.267230460665678182     0.866267113694999868
   0.308855756888938238     0.850451408413507637
   0.349569064752079606     0.832629010795781999
   0.389272598114289881     0.812852020455590685
   0.427872659644825015     0.791176719692329056
   0.465278638206994499     0.767663856672910594
   0.501402224303816979     0.742379295206964773
   0.536159732655950960     0.715392345555448061
   0.569471182458242464     0.686776242303120288
   0.601259620436330855     0.656608897106176648
   0.631453116200159537     0.624970874547792543
   0.659984050006666823     0.591946126003431550
   0.686788437940811791     0.557622693845659989
   0.711807633260116535     0.522090474376417424
   0.734987783166549669     0.485442076574106596
   0.756279018219783605     0.447773447273992431
   0.775637345382708232     0.409181779194786710
   0.793023356719255057     0.369766370732365790
   0.808402963253775919     0.329627805007389862
   0.821746931350488263     0.288869248391861344
   0.833031549424342099     0.247593731133069539
   0.842238405900627707     0.205905139141737636
   0.849354126416833943     0.163909130790286350
   0.854370798686618249     0.121710421125986318
   0.857285843685647642     0.079413769510800841
   0.858101829856109166     0.037124915565470568
   0.856826788970621922    -0.005052137474120462
   0.853473720720173690    -0.047013755474994812
   0.848060848839588322    -0.088657732238537040
   0.840611701588853677    -0.129881543749817724
   0.831154206321812805    -0.170587402699939217
   0.819722141450867192    -0.210674949337926021
   0.806352928022547211    -0.250050153161370747
   0.791089727604253667    -0.288618188878712045
   0.773979339369801123    -0.326288548308044490
   0.755073906800949435    -0.362971636851679436
   0.734428633213696447    -0.398583328445426599
   0.712103974752204993    -0.433040084050023533
   0.688163327010160475    -0.466263417875968977
   0.662674685849020784    -0.498177016412900242
   0.635708689636149793    -0.528709554733543974
   0.607340522879284306    -0.557791997209321821
   0.577646702680198021    -0.585361396987692961
   0.546708450350799957    -0.611356845807211613
   0.514608394417487180    -0.635723191532403309
   0.481432713226961961    -0.658408538239874774
   0.447268649834593968    -0.679366506903975931
   0.412207032643190363    -0.698554193436434989
   0.376338163454819463    -0.715934824062992581
   0.339756147155899912    -0.731474903252453013
   0.302554726799219020    -0.745146770305480377
   0.264830392447948204    -0.756926782786306762
   0.226677877236433456    -0.766797032783944510
   0.188195032789796074    -0.774743812572832424
   0.149478114695846070    -0.780758722540882966
   0.110624901901804212    -0.784837955963471390
   0.071731461273450550    -0.786982808224774177
   0.032895284811552329    -0.787199371085682609
  -0.005789490278790040    -0.785498503001258563
  -0.044227030038581756    -0.781895780025756548
  -0.082324560330076610    -0.776411539650403992
  -0.119988856943958208    -0.769070740647967099
  -0.157131269064445189    -0.759902466061519344
  -0.193661388204904694    -0.748941010639085247
  -0.229493370880221814    -0.736224194224674111
  -0.264542949524810556    -0.721794299277349727
  -0.298728385482889047    -0.705697756385924579
  -0.331970533274549950    -0.687984667326043353
  -0.364193780930830713    -0.668708643990970963
  -0.395323651205030879    -0.647927944369328435
  -0.425290765263957982    -0.625703154013459883
  -0.454028512179613319    -0.602098513612369213
  -0.481473686327207551    -0.577181172562903244
  -0.507566874548148750    -0.551021333001830094
  -0.532252787794264881    -0.523691172333194177
  -0.555478150907248169    -0.495267497035290716
  -0.577197092887226426    -0.465825727407490453
  -0.597364432340182661    -0.435446954719645674
  -0.615941151865045056    -0.404212053884275724
  -0.632891920717373213    -0.372203967964114035
  -0.648186095546669394    -0.339506446052503130
  -0.661796159341878409    -0.306206897491368202
  -0.673701042281941609    -0.272389239308644449
  -0.683882160007017403    -0.238142569639832408
  -0.692326491390269583    -0.203553917797845790
  -0.699025174850508635    -0.168711200990007137
  -0.703973861410026158    -0.133701684942970245
  -0.707172232528135658    -0.098615155563440859
  -0.708625013045583230    -0.063536251763497364
  -0.708340791188494801    -0.028553723335756207
  -0.706332713344143381     0.006247251563166611
  -0.702617948419187344     0.040781877962338800
  -0.697217875835991485     0.074967288226965356
  -0.690158357757676977     0.108719450551614291
  -0.681468380808469609     0.141960610389259362
  -0.671181768263457768     0.174610302933601302
  -0.659335577059136368     0.206592738280371085
  -0.645970500792096392     0.237833661982525313
  -0.631130975335195576     0.268261298754753463
  -0.614864535705534565     0.297806338437073881
  -0.597221912207455130     0.326402882684918128
  -0.578257706759066847     0.353986145515319151
  -0.558028507151382192     0.380496072065695301
  -0.536593987921789028     0.405875200510448064
  -0.514016399831865978     0.430069345273457249
  -0.490360391627707171     0.453027710438644204
  -0.465692332483769900     0.474703395099394798
  -0.440082005900356676     0.495051765507048991
  -0.413599714095103432     0.514033240260351798
  -0.386317868491556582     0.531611564346441301
  -0.358310217744956305     0.547754149145284641
  -0.329651835412122340     0.562432358415131839
  -0.300418290483635497     0.575621748530935839
  -0.270688239616871495     0.587300776617406539
  -0.240536937535998668     0.597453430850924394
  -0.210044201592025775     0.606066292765150005
  -0.179287697869480150     0.613130622904767830
  -0.148345748231164198     0.618641554502744828
  -0.117295856947543103     0.622598046038473352
  -0.086217628526362750     0.625002931135237638
  -0.055185847572226061     0.625863056858173339
  -0.024278808341960469     0.625189171330967741
   0.006428585742833380     0.622995469112597067
   0.036861929789660505     0.619300180159374269
   0.066948711024535118     0.614124858055431488
   0.096615582138789416     0.607495148234354354
   0.125794885627368569     0.599439224937718951
   0.154416746594160825     0.589989491150955558
   0.182415597637777566     0.579181212979530402
   0.209727371906304888     0.567052693633753213
   0.236290831510791333     0.553645120238456800
   0.262045067425104139     0.539003496064474730
   0.286935250283400722     0.523173655427543127
   0.310905834326033748     0.506206191794844051
   0.333905827779197362     0.488152608149478251
   0.355886819382793818     0.469067299227077183
   0.376803292062914741     0.449006628261129692
   0.396612840188775073     0.428028965830996200
   0.415276564298172335     0.406194034866287468
   0.432757651464558024     0.383564398249687022
   0.449023744313894246     0.360202876561779128
   0.464045518256328948     0.336174021838629100
   0.477796902702097515     0.311543376886726398
   0.490255349823141173     0.286377484486323886
   0.501401967628396283     0.260743124102836510
   0.511220558317430074     0.234709661406218878
   0.519699616892851490     0.208343250687037518
   0.526830043886736044     0.181713905327835962
   0.532606726180266610     0.154889558392541454
   0.537027946949998891     0.127938560286870062
   0.540095515439963259     0.100928427971548079
   0.541814308275386347     0.073928257280726897
   0.542192877183176325     0.047002841420422478
   0.541242877590468519     0.020219823410371974
   0.538979304803858139    -0.006356225672976156
   0.535420218390611824    -0.032661858047929926
   0.530587011607891013    -0.058632878773843114
   0.524503601409876508    -0.084209562919736095
   0.517197198021778437    -0.109332248892786102
   0.508697911616034837    -0.133941997814323838
   0.499038568819078709    -0.157982768372419036
   0.488253851382001947    -0.181401830448968959
   0.476381760961432310    -0.204146165569624394
   0.463462740717950183    -0.226165537295596242
   0.449539317221141821    -0.247412519691897786
   0.434654996923025450    -0.267843143706010645
   0.418857256849460180    -0.287413687404180274
   0.402193718421640201    -0.306084843994437528
   0.384715359253212097    -0.323818167181715577
   0.366472819449954579    -0.340580138006136235
   0.347519091285664272    -0.356338923879728320
   0.327909032627686003    -0.371064808629565923
   0.307698128811393190    -0.384731859819465727
   0.286941484376004585    -0.397317674941140619
   0.265697380750488932    -0.408801257172511201
   0.244022789443029714    -0.419165881664743778
   0.221977218826798856    -0.428396723533690404
   0.199617561105600916    -0.436483285325853343
   0.177003904115880434    -0.443416862795916911
   0.154194191471336756    -0.449192495580337137
   0.131248466780040818    -0.453807647950934645
   0.108223825078580180    -0.457263276291047904
   0.085178305138732271    -0.459562971656328700
   0.062170266525737990    -0.460713086188510201
   0.039256487970328900    -0.460723024598202913
   0.016491582900041279    -0.459604866351581098
  -0.006068145863827549    -0.457373420980998036
  -0.028369697848071654    -0.454046123164664306
  -0.050359132654141575    -0.449643175244227367
  -0.071986437957224508    -0.444186908872435893
  -0.093201757701867796    -0.437702239716332042
  -0.113956400654332615    -0.430216520075105080
  -0.134203014797066200    -0.421759625804772442
  -0.153897997795660935    -0.412362722490679068
  -0.172998387762249017    -0.402059392454521713
  -0.191462501009672631    -0.390885643548599948
  -0.209251493399964295    -0.378878944102350124
  -0.226329613004829733    -0.366077648091082120
  -0.242661284279499068    -0.352523141599386247
  -0.258214826095852223    -0.338256989564425126
  -0.272959363455112347    -0.323323466465869624
  -0.286868206744875343    -0.307766404667172033
  -0.299916102278435792    -0.291631463908225863
  -0.312079833108526383    -0.274965953343596026
  -0.323339165199820422    -0.257817343561361545
  -0.333677033897217201    -0.240232821747562719
  -0.343077593085382548    -0.222262107111051599
  -0.351528546667703445    -0.203953648986998887
  -0.359019267657051666    -0.185357935205768681
  -0.365542786422036636    -0.166523141134471059
  -0.371093628695947475    -0.147499982257722484
  -0.375669476598585572    -0.128337262574837241
  -0.379270004772361169    -0.109085406798633475
  -0.381897946537704924    -0.089792294395968697
  -0.383557980885338490    -0.070506406197829594
  -0.384257340576925677    -0.051276434596237173
  -0.384005665453519329    -0.032149600052832752
  -0.382814744137100815    -0.013171201382665677
  -0.380698712074741930     0.005612158961940544
  -0.377673768431676049     0.024156743983803720
  -0.373758457145905831     0.042418144789748292
  -0.368973038247814911     0.060355332466784761
  -0.363339806437589785     0.077927502899865816
  -0.356883026387834257     0.095094914092256663
  -0.349629234122688426     0.111818735580650613
  -0.341605119919253963     0.128064908410103179
  -0.332840965252461374     0.143796871120653952
  -0.323367264930065290     0.158982293846453293
  -0.313216342915266843     0.173590033283390177
  -0.302421788684900439     0.187590762702425473
  -0.291018386559124487     0.200957029155407141
  -0.279042087065565880     0.213663349579413353
  -0.266529869979229561     0.225686245438450145
  -0.253519544823680665     0.237004202750501353
  -0.240049760875313739     0.247597793138804007
  -0.226159239722198702     0.257449961490404888
  -0.211889543887801846     0.266544349626538446
  -0.197279415472003533     0.274868917783423150
  -0.182369525152085349     0.282412511812117295
  -0.167201964162954575     0.289165555501683103
  -0.151817273195688884     0.295121538496156632
  -0.136256584734734620     0.300275725826248896
  -0.120560968923120349     0.304625499423687218
  -0.104771293333542667     0.308170256667947673
  -0.088928174865349915     0.310911524107876480
  -0.073071796897931154     0.312852672942828591
  -0.057241922887415385     0.313999255411535838
  -0.041477103873961967     0.314358700948272618
  -0.025817650865885156     0.313940256979986065
  -0.010299467599244621     0.312755051600101475
   0.005040537118653808     0.310816039780624609
   0.020165219271494190     0.308137998142471004
   0.035039663444421963     0.304737420391429814
   0.049631733288137102     0.300631864343249677
   0.063907008463337509     0.295841254231832274
   0.077834604759408454     0.290386518931693260
   0.091384346540051412     0.284290061558721330
   0.104527408846711897     0.277575617155642274
   0.117236397710451495     0.270268229380432490
   0.129485837008169846     0.262393756755351093
   0.141249890073532669     0.253980402175384867
   0.152507077768403027     0.245055490647229951
   0.163236040383803571     0.235648136406485270
   0.173416319591317564     0.225789144780505546
   0.183029907678506132     0.215509243113633009
   0.192061635316203766     0.204838719830824856
   0.200495721148354678     0.193810702655741018
   0.208319647272280334     0.182457281139976252
   0.215522181903984478     0.170811262222607174
   0.222093913107760832     0.158905824225692410
   0.228027016558615542     0.146774242681652706
   0.233315716537590312     0.134449527111339090
   0.237955141014297628     0.121966608321087994
   0.241943302049419606     0.109357478906280517
   0.245279153384097337     0.096655378999766117
   0.247963217311129747     0.083894366187804312
   0.249997993259499146     0.071107203495179586
   0.251387696750835166     0.058324762573947683
   0.252137770649741966     0.045580437095633128
   0.252255341735006022     0.032905068313976368
   0.251749109631600687     0.020329407266147691
   0.250629177782603685     0.007883508108980492
   0.248907050375408112    -0.004403326031018997
   0.246595581453314977    -0.016503076732665781
   0.243709242940189669    -0.028386743172757703
   0.240263190262773069    -0.040029054851045083
   0.236274003168196134    -0.051404303776804321
   0.231759862065164496    -0.062486992038669302
   0.226739649836998763    -0.073253608176398782
   0.221232701156411082    -0.083683007880361274
   0.215260449860404157    -0.093752735762294703
   0.208844426461372495    -0.103443211048855677
   0.202007158739626574    -0.112735683752205287
   0.194771957972566606    -0.121612707644930471
   0.187162781297736475    -0.130058133728189446
   0.179204187568570317    -0.138057144937537013
   0.170921265327095395    -0.145596275137162251
   0.162339538705733838    -0.152663403888912808
   0.153484993088561977    -0.159247859195251529
   0.144383443419612234    -0.165340460194690231
   0.135062498278746695    -0.170932631463609958
   0.125547353831960057    -0.176018674828082339
   0.115865838647519162    -0.180592771850792089
   0.106044365568522453    -0.184651337534412652
   0.096109667265039292    -0.188191944323615856
   0.086088370945624118    -0.191213532543370229
   0.076006900641497691    -0.193716325117850585
   0.065891477462878101    -0.195701956969187241
   0.055767970588582440    -0.197173244778056506
   0.045661906404826709    -0.198134340304850137
   0.035598369494244421    -0.198590588388026817
   0.025601583940474633    -0.198548600340409914
   0.015696757653777756    -0.198016109366375315
   0.005906191452991691    -0.197001976645769544
  -0.003747293911857683    -0.195516099033488044
  -0.013240838444541587    -0.193569579024713417
  -0.022553457912589610    -0.191174419166783405
  -0.031664574749177020    -0.188343554018439441
  -0.040554450531129264    -0.185090901828582816
  -0.049204203264429015    -0.181431167430660067
  -0.057595861924831737    -0.177379908653950452
  -0.065712399052445289    -0.172953453012748642
  -0.073537739824137055    -0.168168787685461202
  -0.081057082861483554    -0.163043340840050066
  -0.088255538226805999    -0.157596031277182747
  -0.095120897718044800    -0.151844946571248335
  -0.101641185733187728    -0.145809372445811491
  -0.107804981220305532    -0.139509436090839406
  -0.113602502967771982    -0.132965209679292540
  -0.119025669852160412    -0.126196267075936813
  -0.124066185815834895    -0.119223980885049652
  -0.128717742389773043    -0.112068899363087685
  -0.132974869240290894    -0.104751926834880910
  -0.136833221542422168    -0.097294077131724707
  -0.140289517908882805    -0.089716369176781066
  -0.143341696936079677    -0.082039512245262541
  -0.145988294559000420    -0.074285310375759722
  -0.148229565650595391    -0.066473635037453696
  -0.150066425583755048    -0.058625064222263795
  -0.151500726218129905    -0.050760556841075943
  -0.152535476828326938    -0.042900163182438965
  -0.153174697289359535    -0.035062682518576922
  -0.153423221162165502    -0.027268377576210173
  -0.153286868369441359    -0.019535850560442596
  -0.152772336460872155    -0.011883547115707053
  -0.151887163997971336    -0.004329404578295850
  -0.150639741669774480     0.003109183511720144
  -0.149039138348228739     0.010415686858559694
  -0.147095505742530580     0.017573069892864966
  -0.144819202827932786     0.024566620971680875
  -0.142221549519589069     0.031381457813917595
  -0.139314644069988808     0.038002879950899057
  -0.136111047257913453     0.044417474814877171
  -0.132623423257889200     0.050613286578222429
  -0.128865748775390865     0.056577671034074288
  -0.124851926469663407     0.062299747993219363
  -0.120596431868202736     0.067769210789068432
  -0.116114075033067893     0.072976552079664733
  -0.111420034737404888     0.077913116604165167
  -0.106529736908178171     0.082571064132437699
  -0.101458872868421118     0.086943415347868827
  -0.096223328481614440     0.091024041053127197
  -0.090838927758939564     0.094807804645029678
  -0.085322211061430189     0.098289962885727777
  -0.079689390850704298     0.101466958297655521
  -0.073956039542943303     0.104336413420272917
  -0.068139014389552804     0.106896062011674772
  -0.062254232464950397     0.109144942752815124
  -0.056317712239376046     0.111082765769423886
  -0.050345343432354521     0.112710067325944227
  -0.044352828200691148     0.114028163271403776
  -0.038355649856803620     0.115039145433908849
  -0.032369026675838693     0.115745834759437519
  -0.026407890315549881     0.116151795759614859
  -0.020486840821335988     0.116261271624381324
  -0.014619908537698715     0.116079254119694164
  -0.008821624714688002     0.115611365538912797
  -0.003104530340320110     0.114863797940637294
   0.002517711219837461     0.113843446939762435
   0.008032802212568420     0.112557764416022249
   0.013428714756581002     0.111014681791232292
   0.018693937530047468     0.109222693717848318
   0.023817509118922418     0.107190833183134562
   0.028789017960844935     0.104928521598438587
   0.033598629033968978     0.102445617696702934
   0.038237089467004680     0.099752348822146175
   0.042695764087625272     0.096859340885450132
   0.046966799494343368     0.093777417476459471
   0.051042300886946161     0.090518140786195911
   0.054915992058203744     0.087092616619916782
   0.058581718428918121     0.083512506565301181
   0.062033726709254673     0.079789979999202829
   0.065267219258294359     0.075937086380050103
   0.068278338220563464     0.071965466634076811
   0.071063201267341156     0.067887824933541077
   0.073619051532291965     0.063716295508331286
   0.075943613834891080     0.059463146880202745
   0.078035280536602164     0.055140662687398825
   0.079893060617623801     0.050761069378268561
   0.081516650570513660     0.046336349021077763
   0.082906086009521943     0.041879045100589228
   0.084062406600416389     0.037400560182054579
   0.084986980669827475     0.032912618768106923
   0.085681734830616876     0.028427118531411614
   0.086149220810112836     0.023955377169208585
   0.086392571672851956     0.019507957995335768
   0.086415315622495548     0.015096183188752575
   0.086221584990848435     0.010730400376312505
   0.085815938386713600     0.006420807553122883
   0.085203415438160734     0.002177270658733437
   0.084389493156159692    -0.001990700826877182
   0.083380048482670499    -0.006073970966248107
   0.082181293993591836    -0.010063944578326304
   0.080800035239185122    -0.013951821645138035
   0.079243128595463591    -0.017730143441002398
   0.077517809819520958    -0.021391396062532351
   0.075631946991994881    -0.024928127922426643
   0.073593097955987688    -0.028334292163746611
   0.071409596648408014    -0.031603351969366825
   0.069089777748915074    -0.034729656763420956
   0.066641912139767306    -0.037708389533013288
   0.064074959269913412    -0.040534488087405784
   0.061397748242089163    -0.043203741330166349
   0.058618814236104745    -0.045712823032050647
   0.055747804377241680    -0.048057874601571231
   0.052793274648173662    -0.050236602329879920
   0.049764710330108125    -0.052246471728807739
   0.046671235024231698    -0.054085665286358643
   0.043521656469092417    -0.055753095495034037
   0.040325402036439265    -0.057247648747980044
   0.037091553527785162    -0.058568986760625018
   0.033828683494864856    -0.059717288542799382
   0.030546024618868850    -0.060692889940277495
   0.027252344062840408    -0.061496791900222336
   0.023955826461324842    -0.062130372962473292
   0.020665313401175139    -0.062595370412611553
   0.017388795241250612    -0.062893970136499527
   0.014134708022687714    -0.063028708065621039
   0.010910507518522322    -0.063002533086046447
   0.007723800451609793    -0.062818696516452402
   0.004582315676339280    -0.062480876780097581
   0.001492777223750265    -0.061992988525412761
  -0.001537990527241076    -0.061359270238206615
  -0.004503108294195240    -0.060584356321121607
  -0.007396804191105969    -0.059672936925533215
  -0.010212820056965556    -0.058630221588448876
  -0.012945557984889184    -0.057461502244046510
  -0.015590065555190175    -0.056172211043470401
  -0.018141078358394597    -0.054768178884635491
  -0.020594022142512328    -0.053255377319390076
  -0.022944916220751090    -0.051639674086226675
  -0.025189578875062745    -0.049927472022105318
  -0.027324639243401144    -0.048124987927990658
  -0.029346660871393461    -0.046238878749745478
  -0.031253052296606181    -0.044275463508564587
  -0.033041309631381452    -0.042241314903872181
  -0.034709182214671161    -0.040143251446777474
  -0.036254911734060036    -0.037987948304558948
  -0.037677249950056980    -0.035781831855718225
  -0.038974965736405527    -0.033531844024364522
  -0.040147414165270817    -0.031244446609225700
  -0.041194113111941155    -0.028926547449957259
  -0.042115109595028122    -0.026584411429359581
  -0.042910684125707525    -0.024224533199957803
  -0.043581330333655424    -0.021853573436720546
  -0.044128038220520881    -0.019477547939081907
  -0.044552001688411023    -0.017102630096324553
  -0.044854687124665824    -0.014735139876454790
  -0.045037905400776165    -0.012380598882441189
  -0.045103677348321242    -0.010045020296262652
  -0.045054359447485946    -0.007733976854281138
  -0.044892467154357185    -0.005452582255123056
  -0.044620844631782626    -0.003206306469386243
  -0.044242504448624466    -0.001000139830118195
  -0.043760645435945260     0.001161382441251963
  -0.043178758858443259     0.003273435169550662
  -0.042500419328222988     0.005331835621145509
  -0.041729516736090794     0.007332233808461801
  -0.040869913542571537     0.009270987581483033
  -0.039925704195908546     0.011144454900268308
  -0.038901235728910570     0.012949033017269660
  -0.037800744978044143     0.014681798475169023
  -0.036628687851224133     0.016339862565721567
  -0.035389742881924979     0.017920406005718040
  -0.034088283106709756     0.019421357075367053
  -0.032729306686515476     0.020840259300897349
  -0.031317337603863661     0.022175485637054387
  -0.029857133211359677     0.023425425213309696
  -0.028353665889255298     0.024588603574022226
  -0.026811543904237681     0.025664058319645813
  -0.025235578219006599     0.026650961308105046
  -0.023630718143972624     0.027548600924874433
  -0.022001470703888984     0.028356779361492394
  -0.020352734688000435     0.029075296001052364
  -0.018689161571722214     0.029704282024189538
  -0.017015160295691830     0.030244181067193881
  -0.015335433972874565     0.030695490409957463
  -0.013654430026708684     0.031059043284262712
  -0.011976286613453598     0.031335873449621618
  -0.010305440001171874     0.031527163237228463
  -0.008645889031540063     0.031634346043311633
  -0.007001827703722433     0.031659000372232418
  -0.005376941618766077     0.031602914220286722
  -0.003774975696364330     0.031468037577527135
  -0.002199710269260865     0.031256481283140840
  -0.000654410873862025     0.030970503660600234
   0.000857625696076236     0.030612494063242783
   0.002333091919963715     0.030185041350661072
   0.003769248024213832     0.029690738988031776
   0.005163123774846195     0.029132413010112001
   0.006512097746874718     0.028512958310973616
   0.007813874658922521     0.027835280869939884
   0.009066024888381107     0.027102507412048032
   0.010266462474493998     0.026317783014636831
   0.011413412642177415     0.025484211876646946
   0.012505012155193878     0.024605146556588811
   0.013539799222184899     0.023683815228173855
   0.014516329738960807     0.022723621452060198
   0.015433436956980623     0.021727938779275154
   0.016290219181809389     0.020700014778915480
   0.017085764467803841     0.019643362307076025
   0.017819431897601153     0.018561354717153901
   0.018490843475526882     0.017457239231772767
   0.019099627406348782     0.016334493792304446
   0.019645711319853792     0.015196354158536957
   0.020129079346036562     0.014046237927886122
   0.020549997033680465     0.012887251945978178
   0.020908832656148492     0.011722591135544157
   0.021206062051743895     0.010555518327653470
   0.021442387977573470     0.009388961202475085
   0.021618619786195323     0.008225915198941690
   0.021735693252169112     0.007069430455892150
   0.021794706634260627     0.005922156029092537
   0.021796859646533967     0.004786965844748357
   0.021743487605104337     0.003666502380321586
   0.021636024425518326     0.002563180266163120
   0.021476031958749007     0.001479568877798026
   0.021265161527751701     0.000417996682387559
   0.021005141561780821    -0.000619439014275935
   0.020697825848352554    -0.001630512350545659
   0.020345105894263412    -0.002613315981303211
   0.019949015746242200    -0.003565872771839018
   0.019511565016026453    -0.004486553619182962
   0.019034862314093876    -0.005373737418921830
   0.018521131359401328    -0.006225831461426965
   0.017972527850700113    -0.007041573211106802
   0.017391297691895419    -0.007819721393000715
   0.016779764997989260    -0.008559104851703690
   0.016140192205823061    -0.009258800384828235
   0.015474987888791134    -0.009917879093482334
   0.014786429594387271    -0.010535662948199765
   0.014076784109888552    -0.011111620044340468
   0.013348522489222301    -0.011645152820497799
   0.012603991135397707    -0.012135922433586160
   0.011845335727953625    -0.012583804147507519
   0.011075028019111286    -0.012988566932511493
   0.010295284746051483    -0.013350243144404824
   0.009508360881128880    -0.013668954853691111
   0.008716459953798467    -0.013944913290103996
   0.007921755297817416    -0.014178449474776261
   0.007126380155050085    -0.014370009623797895
   0.006332397867226298    -0.014520101562844842
   0.005541838194132920    -0.014629368439794036
   0.004756661371007349    -0.014698521623698604
   0.003978771255055589    -0.014728374795041431
   0.003210002927621845    -0.014719817124544766
   0.002452120957673078    -0.014673805558372686
   0.001706824115141325    -0.014591402506881169
   0.000975730178441824    -0.014473701643209375
   0.000260384372443037    -0.014321895927996757
  -0.000437749736947886    -0.014137223974986004
  -0.001117289181941959    -0.013920973490900872
  -0.001776984176639253    -0.013674472646553396
  -0.002415468377946429    -0.013399178121242349
  -0.003031762176480644    -0.013096457536789121
  -0.003624818343749517    -0.012767781945047886
  -0.004193542750277361    -0.012414723411397802
  -0.004737204385384500    -0.012038739549463001
  -0.005255013364712554    -0.011641368527719445
  -0.005746198187163338    -0.011224246702675382
  -0.006210190572461083    -0.010788918848786912
  -0.006646470088648604    -0.010336974293655522
  -0.007054605915348395    -0.009870011529379679
  -0.007434249607753662    -0.009389623437921936
  -0.007785128449413879    -0.008897388931666304
  -0.008107070313614781    -0.008394900343057749
  -0.008399961746050122    -0.007883711912082089
  -0.008663786537931161    -0.007365381017736474
  -0.008898599463850503    -0.006841437458369315
  -0.009104525706808773    -0.006313383721648812
  -0.009281769697002675    -0.005782700121504120
  -0.009430600850814696    -0.005250832612790973
  -0.009551357756182235    -0.004719194817088519
  -0.009644450926027849    -0.004189166975751561
  -0.009710344220341949    -0.003662085300463539
  -0.009749569660794344    -0.003139247743860402
  -0.009762707369564239    -0.002621864743747220
  -0.009750398669269739    -0.002111262466710638
  -0.009713329880300737    -0.001608477383864924
  -0.009652232055015305    -0.001114618186095445
  -0.009567905327841868    -0.000630853542593653
  -0.009461158198269514    -0.000158070386665051
  -0.009332836276238907     0.000302782847917412
  -0.009183878006988224     0.000750710328276606
  -0.009015153348538377     0.001185017444506723
  -0.008827664106693238     0.001604827154018665
  -0.008622381943905849     0.002009423821020442
  -0.008400267239109714     0.002398243058114414
  -0.008162388860980495     0.002770593281343765
  -0.007909780046648411     0.003125936417078902
  -0.007643428339117552     0.003463871988194411
  -0.007364451724391806     0.003783897347355930
  -0.007073891499777774     0.004085675266312320
  -0.006772805163845938     0.004368895066468478
  -0.006462267530060857     0.004633313773735639
  -0.006143328551135816     0.004878730441856009
  -0.005817050833210892     0.005105012023676786
  -0.005484480759777784     0.005312074490771855
  -0.005146652172940329     0.005499884975475955
  -0.004804590065831187     0.005668466824742094
  -0.004459270095492291     0.005817897023503626
  -0.004111767558996162     0.005948270235380161
  -0.003762966608925973     0.006059781737424191
  -0.003413813780274859     0.006152640539919078
  -0.003065312523072385     0.006227084073003136
  -0.002718277360227724     0.006283430244091172
  -0.002373576418910855     0.006322012468568085
  -0.002032128791773125     0.006343201575786428
  -0.001694636964820158     0.006347419697602725
  -0.001361953767230806     0.006335104618870925
  -0.001034820571919937     0.006306739403191072
  -0.000713870039084793     0.006262827610004650
  -0.000399849002820499     0.006203909205991781
  -0.000093391644934654     0.006130551204500011
   0.000204974125390897     0.006043317853961789
   0.000494617146139202     0.005942834080977892
   0.000775038274878851     0.005829716104845420
   0.001045753305144305     0.005704603814217482
   0.001306317665426077     0.005568155608592547
   0.001556325491566589     0.005421038853793875
   0.001795409160675030     0.005263928809249591
   0.002023240209872221     0.005097510636364076
   0.002239530741825800     0.004922479767307094
   0.002444028620105663     0.004739528648935205
   0.002636536523307548     0.004549341959520176
   0.002816837129608963     0.004352664212466068
   0.002984833791771523     0.004150142817349691
   0.003140425248838339     0.003942473312536649
   0.003283509555123958     0.003730389403754251
   0.003414091457926510     0.003514522983940992
   0.003532171785131169     0.003295544877878870
   0.003637761046909032     0.003074167438451797
   0.003730961630647176     0.002850972019496314
   0.003811850995790315     0.002626647044357641
   0.003880559880212642     0.002401812999306757
   0.003937263744497917     0.002177024883851833
   0.003982134459354890     0.001952923966622857
   0.004015387429155658     0.001730080741879016
   0.004037267479707798     0.001508995340548217
   0.004048026874028181     0.001290249988229060
   0.004047955119065807     0.001074339248811514
   0.004037354068078744     0.000861750996050342
   0.004016550868558302     0.000652952132381665
   0.003985885248740908     0.000448385216919686
   0.003945718588057277     0.000248469965829562
   0.003896423052351827     0.000053601418891272
   0.003838387328882215    -0.000135849603303087
   0.003772013582959420    -0.000319537341661016
   0.003697706247979759    -0.000497154651804273
   0.003615904357210426    -0.000668365420167276
   0.003527020981535618    -0.000832940654237272
   0.003431486796875765    -0.000990633295445500
   0.003329769539794191    -0.001141188924155270
   0.003222288494820395    -0.001284448277397154
   0.003109493727907866    -0.001420241676173065
   0.002991859919516166    -0.001548393376250287
   0.002869801164243215    -0.001668823704958637
   0.002743792306307145    -0.001781406850701257
   0.002614282474647532    -0.001886073527237105
   0.002481684062508449    -0.001982798209908051
   0.002346466061142297    -0.002071531066886255
   0.002209062440129941    -0.002152270084806181
   0.002069866449098425    -0.002225049371459485
   0.001929330243591074    -0.002289889948710072
   0.001787854192413597    -0.002346856658927142
   0.001645838862877702    -0.002396026231860840
   0.001503675222178911    -0.002437494415726038
   0.001361744650520127    -0.002471376916808415
   0.001220415029993567    -0.002497803434990424
   0.001080043516594347    -0.002516922619999926
   0.000940973106174021    -0.002528895862011306
   0.000803534344982171    -0.002533901252363792
   0.000668042938981875    -0.002532127936917951
   0.000534801127235255    -0.002523780727882714
   0.000404095518221694    -0.002509073160741955
   0.000276197974118250    -0.002488230827246313
   0.000151364977951378    -0.002461490280223269
   0.000029837091085054    -0.002429096025242742
  -0.000088160990828863    -0.002391299343636811
  -0.000202420523015529    -0.002348360176065787
  -0.000312757343065150    -0.002300540390955918
  -0.000418978002034383    -0.002248118806542858
  -0.000520923324272282    -0.002191371720348559
  -0.000618472689833973    -0.002130564749701149
  -0.000711474964074610    -0.002065992973147135
  -0.000799818840483765    -0.001997939433857549
  -0.000883428800403413    -0.001926673940456342
  -0.000962204017365418    -0.001852496594877858
  -0.001036085874161007    -0.001775685813331645
  -0.001105024609518134    -0.001696524846393214
  -0.001168984357161421    -0.001615293429573779
  -0.001227944941905595    -0.001532270408558311
  -0.001281898787218221    -0.001447729152623959
  -0.001330852814481056    -0.001361940137232219
  -0.001374827606898980    -0.001275169462889898
  -0.001413856063887021    -0.001187677348218581
  -0.001447982802779212    -0.001099717712227855
  -0.001477264809923630    -0.001011538661771598
  -0.001501771050060110    -0.000923381860335246
  -0.001521579894285674    -0.000835480737386566
  -0.001536781726181885    -0.000748062058305150
  -0.001547474873607188    -0.000661343492079712
  -0.001553767459247366    -0.000575534683068003
  -0.001555777357262511    -0.000490836904753095
  -0.001553628530123218    -0.000407435319717025
  -0.001547454863095014    -0.000325531842419124
  -0.001537393285066078    -0.000245279929912304
  -0.001523589089912675    -0.000166843468959365
  -0.001506197487540095    -0.000090393953379901
  -0.001485370627896867    -0.000016056705226516
  -0.001461268485599291     0.000056034411054899
  -0.001434061311149530     0.000125739625710320
  -0.001403908694076715     0.000192967464527215
  -0.001370989135901963     0.000257599211894531
  -0.001335472623284914     0.000319547312627833
  -0.001297533738433836     0.000378728986172901
  -0.001257349433210626     0.000435071811786421
  -0.001215095495818862     0.000488512736130522
  -0.001170949489706653     0.000538999013140068
  -0.001125087211825756     0.000586486927873533
  -0.001077685101506614     0.000630942866211342
  -0.001028917062730002     0.000672341803536887
  -0.000978955811925715     0.000710667950261689
  -0.000927972481048765     0.000745914704716245
  -0.000876135417632409     0.000778083908475350
  -0.000823609173376291     0.000807184869537647
  -0.000770556009468202     0.000833235664246275
  -0.000717134519252680     0.000856262077628116
  -0.000663494771678618     0.000876298237682236
  -0.000609800045345844     0.000893380558573193
  -0.000556183000753033     0.000907559360331220
  -0.000502784904254207     0.000918887485876051
  -0.000449754088455847     0.000927421762768106
  -0.000397209215249464     0.000933230099243968
  -0.000345275389738490     0.000936381393971013
  -0.000294084591534256     0.000936950999198800
  -0.000243734917584946     0.000935018994107064
  -0.000194346324448529     0.000930669729164431
  -0.000146020803366245     0.000923992356231439
  -0.000098843138128422     0.000915075887542569
  -0.000052914479247747     0.000904017875004008
  -0.000008318155011710     0.000890915683089554
   0.000034878582311695     0.000875866967943795
   0.000076594349891089     0.000858977034939087
   0.000116767659097904     0.000840348911476373
   0.000155339730283637     0.000820087399454372
   0.000192258302850824     0.000798300250145511
   0.000227476805484872     0.000775093545137331
   0.000260955326243934     0.000750576208805598
   0.000292659320762732     0.000724855088799172
   0.000322560720288605     0.000698038604980204
   0.000350637075764353     0.000670234067366632
   0.000376873318190287     0.000641545320452485
   0.000401252395733397     0.000612084917068334
   0.000423774409752817     0.000581950452902635
   0.000444438275315053     0.000551244475594431
   0.000463243669738449     0.000520074988638638
   0.000480204701992362     0.000488534026371645
   0.000495335126027421     0.000456718463924866
   0.000508650157621794     0.000424730120733374
   0.000520176893853337     0.000392651002264306
   0.000529939499571020     0.000360577747728438
   0.000537969372408717     0.000328596645997173
   0.000544303035467825     0.000296783616530325
   0.000548976941706973     0.000265226138523986
   0.000552033308117926     0.000234001116136478
   0.000553516766815112     0.000203174538549764
   0.000553474658505465     0.000172823766387679
   0.000551956944213836     0.000143012679769254
   0.000549016311655633     0.000113804097901310
   0.000544707030666872     0.000085257010168993
   0.000539085806714592     0.000057426797252490
   0.000532211173566256     0.000030365055761926
   0.000524142691821482     0.000004119551096504
   0.000514941720088747    -0.000021265711576042
   0.000504670275063148    -0.000045750523386486
   0.000493390682103658    -0.000069300251557627
   0.000481169456204295    -0.000091876854006154
   0.000468068121214265    -0.000113456757365783
   0.000454150880131599    -0.000134014415801822
   0.000439485844235458    -0.000153523546521160
   0.000424134319614068    -0.000171970773325591
   0.000408160497444100    -0.000189341305096036
   0.000391631970948726    -0.000205620058460936
   0.000374606782628207    -0.000220804223131261
   0.000357151686855165    -0.000234885767388596
   0.000339328260961472    -0.000247863482416457
   0.000321193034182979    -0.000259742025971004
   0.000302809606235723    -0.000270523125369809
   0.000284236168306474    -0.000280214509107697
   0.000265525233506507    -0.000288828642403021
   0.000246736452564634    -0.000296376348001933
   0.000227921680295861    -0.000302873317823682
   0.000209133212077896    -0.000308337781658942
   0.000190420769884898    -0.000312789194363988
   0.000171832867142326    -0.000316250110857093
   0.000153415460357711    -0.000318744078271391
   0.000135212976134168    -0.000320297358496324
   0.000117267524081928    -0.000320937503358061
   0.000099619070724497    -0.000320693534801452
   0.000082305505224731    -0.000319596115645258
   0.000065362562678112    -0.000317677460770774
   0.000048823570325888    -0.000314970121484824
   0.000032718626366213    -0.000311508623782922
   0.000017080305514780    -0.000307328308666320
   0.000001931664516064    -0.000302464819524239
  -0.000012702756029992    -0.000296953949187421
  -0.000026797390009550    -0.000290834338351191
  -0.000040336663177008    -0.000284141764890607
  -0.000053299552502183    -0.000276915158632551
  -0.000065670666174046    -0.000269192923477852
  -0.000077439344968773    -0.000261011011100852
  -0.000088591528622782    -0.000252409482509609
  -0.000099118055406930    -0.000243426055447851
  -0.000109014254169968    -0.000234096576330556
  -0.000118272508539323    -0.000224460335188110
  -0.000126890309091439    -0.000214553405519123
  -0.000134866248234881    -0.000204412113581418
  -0.000142200738362516    -0.000194072198466400
  -0.000148895970164781    -0.000183568754304705
  -0.000154955952151704    -0.000172936257751003
  -0.000160386025428237    -0.000162208010732128
  -0.000165193216706456    -0.000151416613779048
  -0.000169386207352749    -0.000140593866721192
  -0.000172974572992115    -0.000129770126854342
  -0.000175969873872857    -0.000118975244478244
  -0.000178384444073119    -0.000108237582890926
  -0.000180231908942970    -0.000097584468827003
  -0.000181527207455776    -0.000087042160649056
  -0.000182285761180913    -0.000076635433761815
  -0.000182524595423024    -0.000066388144711582
  -0.000182261256626254    -0.000056322707388131
  -0.000181513581632095    -0.000046459392272286
  -0.000180301419490017    -0.000036820493690985
  -0.000178643600757041    -0.000027422149763279
  -0.000176560698740463    -0.000018281743798095
  -0.000174073403315080    -0.000009416565342813
  -0.000171203006137001    -0.000000841163232235
  -0.000167970113972523     0.000007433140733768
  -0.000164397140225801     0.000015392401436051
  -0.000160505749327932     0.000023026597334816
  -0.000156317550216505     0.000030326266225972
  -0.000151854852616827     0.000037283297070712
  -0.000147139328176647     0.000043890696344675
  -0.000142193156800806     0.000050142824639211
  -0.000137038087623914     0.000056035168772324
  -0.000131695432398057     0.000061564254758103
  -0.000126186800963762     0.000066727957966306
  -0.000120533072331773     0.000071525056366512
  -0.000114754972324752     0.000075955470179788
  -0.000108872884894895     0.000080020182806361
  -0.000102906494189484     0.000083720966032425
  -0.000096875401243497     0.000087060821663062
  -0.000090798388962965     0.000090043415789739
  -0.000084693824734517     0.000092673374498625
  -0.000078579535211057     0.000094956191100307
  -0.000072472107145603     0.000096898083135578
  -0.000066389588255037     0.000098505686966780
  -0.000060346331411334     0.000099786881315377
  -0.000054357601945942     0.000100749918261272
  -0.000048439260717909     0.000101403400399431
  -0.000042603720824230     0.000101756922346101
  -0.000036864027702541     0.000101820205611312
  -0.000031233874928284     0.000101603718494379
  -0.000025723057915654     0.000101118043125549
  -0.000020343709610981     0.000100374400227415
  -0.000015105859891923     0.000099384243656634
  -0.000010017604147513     0.000098158880897254
  -0.000005088730207606     0.000096710707664832
  -0.000000326625265639     0.000095051530448613
   0.000004261644407786     0.000093193775208122
   0.000008669761933935     0.000091149729797261
   0.000012892149732901     0.000088931918969117
   0.000016923915749019     0.000086552633515065
   0.000020760929720142     0.000084024527888030
   0.000024399712158785     0.000081359945323578
   0.000027837472333465     0.000078571237094533
   0.000031072118851358     0.000075670745611610
   0.000034102113244552     0.000072670441119959
   0.000036926660002182     0.000069582419724001
   0.000039545699540237     0.000066418171747458
   0.000041958956399485     0.000063189944799450
   0.000044167891416297     0.000059908274524895
   0.000046173978355052     0.000056584306836217
   0.000047978610646309     0.000053229426228812
   0.000049584741518648     0.000049853387615456
   0.000050995235955819     0.000046466306668908
   0.000052213099883779     0.000043078716525231
   0.000053242535408275     0.000039699036435560
   0.000054087348493289     0.000036337038166391
   0.000054752144471112     0.000033001421215434
   0.000055241890582901     0.000029699673849793
   0.000055561634301801     0.000026440451436848
   0.000055716805600804     0.000023231179371553
   0.000055713218117970     0.000020078202347171
   0.000055556701069259     0.000016988851000385
   0.000055253492696193     0.000013969109227629
   0.000054809873176232     0.000011024737350706
   0.000054232323510419     0.000008161086382095
   0.000053527522111016     0.000005383089600904
   0.000052702097255868     0.000002695237217622
   0.000051762972657790     0.000000101619662524
