   0.0000000e+00  -4.1002456e-12
   6.2438965e-02  -3.4879420e-12
   1.2487793e-01  -2.1317415e-12
   1.8731689e-01  -2.6406274e-13
   2.4975586e-01   1.7746681e-12
   3.1219482e-01   3.6025152e-12
   3.7463379e-01   4.8383086e-12
   4.3707275e-01   5.1771123e-12
   4.9951172e-01   4.4276251e-12
   5.6195068e-01   2.5582740e-12
   6.2438965e-01  -2.9946848e-13
   6.8682861e-01  -3.8570630e-12
   7.4926758e-01  -7.7085009e-12
   8.1170654e-01  -1.1385147e-11
   8.7414551e-01  -1.4419928e-11
   9.3658447e-01  -1.6424836e-11
   9.9902344e-01  -1.7133771e-11
   1.0614624e+00  -1.6458302e-11
   1.1239014e+00  -1.4474836e-11
   1.1863403e+00  -1.1447510e-11
   1.2487793e+00  -7.7507641e-12
   1.3112183e+00  -3.8663119e-12
   1.3736572e+00  -2.3603628e-13
   1.4360962e+00   2.9879755e-12
   1.4985352e+00   8.9367039e-12
   1.5609741e+00   4.0796988e-11
   1.6234131e+00   1.8543039e-10
   1.6858521e+00   5.8614727e-10
   1.7482910e+00   1.2186826e-09
   1.8107300e+00   1.6782997e-09
   1.8731689e+00   1.5249220e-09
   1.9356079e+00   8.2610083e-10
   1.9980469e+00   6.0202002e-11
   2.0604858e+00  -4.2388668e-10
   2.1229248e+00  -6.1300419e-10
   2.1853638e+00  -5.6340269e-10
   2.2478027e+00   2.5615827e-11
   2.3102417e+00   1.9858447e-09
   2.3726807e+00   5.4228178e-09
   2.4351196e+00   7.8496861e-09
   2.4975586e+00   6.6758628e-09
   2.5599976e+00   3.4595815e-09
   2.6224365e+00   1.3300974e-09
   2.6848755e+00   7.4616426e-10
   2.7473145e+00   6.3033133e-10
   2.8097534e+00   4.7839127e-10
   2.8721924e+00   3.2568216e-10
   2.9346313e+00   2.2548724e-10
   2.9970703e+00   1.6225028e-10
   3.0595093e+00   1.1455791e-10
   3.1219482e+00   7.8535981e-11
   3.1843872e+00   5.5131536e-11
   3.2468262e+00   4.2051752e-11
   3.3092651e+00   3.4855680e-11
   3.3717041e+00   3.0517342e-11
   3.4341431e+00   2.7268503e-11
   3.4965820e+00   2.4494876e-11
   3.5590210e+00   2.1798585e-11
   3.6214600e+00   1.9198947e-11
   3.6838989e+00   1.6631039e-11
   3.7463379e+00   1.4257331e-11
   3.8087769e+00   1.2086525e-11
   3.8712158e+00   1.0268505e-11
   3.9336548e+00   8.7764603e-12
   3.9960938e+00   7.6823433e-12
   4.0585327e+00   6.8884876e-12
   4.1209717e+00   6.3891919e-12
   4.1834106e+00   6.0455450e-12
   4.2458496e+00   5.8275501e-12
   4.3082886e+00   5.6072242e-12
   4.3707275e+00   5.3752466e-12
   4.4331665e+00   5.0515193e-12
   4.4956055e+00   4.6770099e-12
   4.5580444e+00   4.2275816e-12
   4.6204834e+00   3.7795183e-12
   4.6829224e+00   3.3326340e-12
   4.7453613e+00   2.9622770e-12
   4.8078003e+00   2.6561184e-12
   4.8702393e+00   2.4598194e-12
   4.9326782e+00   2.3326607e-12
   4.9951172e+00   2.2900516e-12
   5.0575562e+00   2.2710017e-12
   5.1199951e+00   2.2741495e-12
   5.1824341e+00   2.2392716e-12
   5.2448730e+00   2.1785257e-12
   5.3073120e+00   2.0582839e-12
   5.3697510e+00   1.9132385e-12
   5.4321899e+00   1.7307357e-12
   5.4946289e+00   1.5579770e-12
   5.5570679e+00   1.3896191e-12
   5.6195068e+00   1.2675677e-12
   5.6819458e+00   1.1762472e-12
   5.7443848e+00   1.1410678e-12
   5.8068237e+00   1.1315400e-12
   5.8692627e+00   1.1580681e-12
   5.9317017e+00   1.1806281e-12
   5.9941406e+00   1.2000408e-12
   6.0565796e+00   1.1722159e-12
   6.1190186e+00   1.1061867e-12
   6.1814575e+00   9.9739333e-13
   6.2438965e+00   9.1029297e-13
   6.3063354e+00   8.5275314e-13
   6.3687744e+00   8.2332328e-13
   6.4312134e+00   7.7039844e-13
   6.4936523e+00   7.1471604e-13
   6.5560913e+00   6.6118585e-13
   6.6185303e+00   6.4270906e-13
   6.6809692e+00   6.4009158e-13
   6.7434082e+00   6.6068991e-13
   6.8058472e+00   6.7469910e-13
   6.8682861e+00   6.8853172e-13
   6.9307251e+00   6.7835666e-13
   6.9931641e+00   6.5763792e-13
   7.0556030e+00   6.1195288e-13
   7.1180420e+00   5.6397538e-13
   7.1804810e+00   5.0707217e-13
   7.2429199e+00   4.6446363e-13
   7.3053589e+00   4.2569102e-13
   7.3677979e+00   4.0861909e-13
   7.4302368e+00   3.9933818e-13
   7.4926758e+00   4.1031013e-13
   7.5551147e+00   4.2187247e-13
   7.6175537e+00   4.4179402e-13
   7.6799927e+00   4.4994721e-13
   7.7424316e+00   4.5515666e-13
   7.8048706e+00   4.4069287e-13
   7.8673096e+00   4.1975550e-13
   7.9297485e+00   3.8174453e-13
   7.9921875e+00   3.4596940e-13
   8.0546265e+00   3.0784766e-13
   8.1170654e+00   2.8659712e-13
   8.1795044e+00   2.7088681e-13
   8.2419434e+00   2.7137102e-13
   8.3043823e+00   2.7339588e-13
   8.3668213e+00   2.8748759e-13
   8.4292603e+00   2.9915935e-13
   8.4916992e+00   3.1547552e-13
   8.5541382e+00   3.1842256e-13
   8.6165771e+00   3.1608059e-13
   8.6790161e+00   2.9718099e-13
   8.7414551e+00   2.7631406e-13
   8.8038940e+00   2.4679894e-13
   8.8663330e+00   2.2470585e-13
   8.9287720e+00   2.0266465e-13
   8.9912109e+00   1.9404662e-13
   9.0536499e+00   1.8875498e-13
   9.1160889e+00   1.9602572e-13
   9.1785278e+00   2.0182168e-13
   9.2409668e+00   2.1374295e-13
   9.3034058e+00   2.1974688e-13
   9.3658447e+00   2.2855935e-13
   9.4282837e+00   2.2733912e-13
   9.4907227e+00   2.2457481e-13
   9.5531616e+00   2.1097661e-13
   9.6156006e+00   1.9897573e-13
   9.6780396e+00   1.8082034e-13
   9.7404785e+00   1.6736405e-13
   9.8029175e+00   1.4855546e-13
   9.8653564e+00   1.3241232e-13
   9.9277954e+00   1.0981291e-13
   9.9902344e+00   1.0106644e-13
   1.0052673e+01   1.1871717e-13
   1.0115112e+01   1.7898612e-13
   1.0177551e+01   2.3540628e-13
   1.0239990e+01   2.4652838e-13
   1.0302429e+01   2.0070246e-13
   1.0364868e+01   1.4718756e-13
   1.0427307e+01   1.0740198e-13
   1.0489746e+01   9.3610808e-14
   1.0552185e+01   8.9888552e-14
   1.0614624e+01   9.8970736e-14
   1.0677063e+01   1.0779838e-13
   1.0739502e+01   1.2159532e-13
   1.0801941e+01   1.2945035e-13
   1.0864380e+01   1.3835127e-13
   1.0926819e+01   1.3919999e-13
   1.0989258e+01   1.4053019e-13
   1.1051697e+01   1.3431279e-13
   1.1114136e+01   1.2931680e-13
   1.1176575e+01   1.1863199e-13
   1.1239014e+01   1.1146774e-13
   1.1301453e+01   9.9401910e-14
   1.1363892e+01   9.0700727e-14
   1.1426331e+01   8.0622788e-14
   1.1488770e+01   8.0963360e-14
   1.1551208e+01   8.3966804e-14
   1.1613647e+01   9.4140456e-14
   1.1676086e+01   1.0040796e-13
   1.1738525e+01   1.0873007e-13
   1.1800964e+01   1.1037641e-13
   1.1863403e+01   1.1209404e-13
   1.1925842e+01   1.0614712e-13
   1.1988281e+01   1.0067567e-13
   1.2050720e+01   8.8989086e-14
   1.2113159e+01   7.9959129e-14
   1.2175598e+01   6.9147676e-14
   1.2238037e+01   6.7194433e-14
   1.2300476e+01   6.7214148e-14
   1.2362915e+01   7.3389866e-14
   1.2425354e+01   7.5624005e-14
   1.2487793e+01   8.0833964e-14
   1.2550232e+01   8.2295424e-14
   1.2612671e+01   8.6368711e-14
   1.2675110e+01   8.5057845e-14
   1.2737549e+01   8.5214885e-14
   1.2799988e+01   7.9898920e-14
   1.2862427e+01   7.6151382e-14
   1.2924866e+01   6.7890299e-14
   1.2987305e+01   6.3560417e-14
   1.3049744e+01   5.8434796e-14
   1.3112183e+01   6.1356101e-14
   1.3174622e+01   6.5264650e-14
   1.3237061e+01   7.1774175e-14
   1.3299500e+01   6.6065023e-14
   1.3361938e+01   5.2039287e-14
   1.3424377e+01   3.5799120e-14
   1.3486816e+01   4.4561851e-14
   1.3549255e+01   7.2033120e-14
   1.3611694e+01   9.8823980e-14
   1.3674133e+01   9.8443082e-14
   1.3736572e+01   8.1771890e-14
   1.3799011e+01   5.7002603e-14
   1.3861450e+01   4.0395757e-14
   1.3923889e+01   2.9075435e-14
   1.3986328e+01   2.9180505e-14
   1.4048767e+01   3.2733009e-14
   1.4111206e+01   4.3838489e-14
   1.4173645e+01   5.3396525e-14
   1.4236084e+01   6.4278927e-14
   1.4298523e+01   6.8223440e-14
   1.4360962e+01   7.1514787e-14
   1.4423401e+01   6.8792270e-14
   1.4485840e+01   6.5688856e-14
   1.4548279e+01   5.5618578e-14
   1.4610718e+01   4.6186328e-14
   1.4673157e+01   3.4548466e-14
   1.4735596e+01   2.9277722e-14
   1.4798035e+01   2.5705986e-14
   1.4860474e+01   3.0248386e-14
   1.4922913e+01   3.6399034e-14
   1.4985352e+01   4.7844937e-14
   1.5047791e+01   5.5561703e-14
   1.5110229e+01   6.2179348e-14
   1.5172668e+01   6.0090122e-14
   1.5235107e+01   5.6563435e-14
   1.5297546e+01   4.9555895e-14
   1.5359985e+01   4.6360097e-14
   1.5422424e+01   3.9700511e-14
   1.5484863e+01   3.4114435e-14
   1.5547302e+01   2.5640839e-14
   1.5609741e+01   2.3644963e-14
   1.5672180e+01   2.4947890e-14
   1.5734619e+01   3.3517260e-14
   1.5797058e+01   3.9946208e-14
   1.5859497e+01   4.7199727e-14
   1.5921936e+01   4.8946759e-14
   1.5984375e+01   5.0775603e-14
   1.6046814e+01   4.7786379e-14
   1.6109253e+01   4.5953141e-14
   1.6171692e+01   4.0128857e-14
   1.6234131e+01   3.6456433e-14
   1.6296570e+01   3.0408461e-14
   1.6359009e+01   2.7389311e-14
   1.6421448e+01   2.1957598e-14
   1.6483887e+01   2.0966451e-14
   1.6546326e+01   2.1392194e-14
   1.6608765e+01   2.8669305e-14
   1.6671204e+01   3.5030975e-14
   1.6733643e+01   4.3201341e-14
   1.6796082e+01   4.6924445e-14
   1.6858521e+01   5.0985907e-14
   1.6920959e+01   4.9271122e-14
   1.6983398e+01   4.5909613e-14
   1.7045837e+01   3.4829736e-14
   1.7108276e+01   2.0554412e-14
   1.7170715e+01   6.2460630e-16
   1.7233154e+01  -8.8229465e-15
   1.7295593e+01   2.4159290e-15
   1.7358032e+01   3.8335697e-14
   1.7420471e+01   6.6247400e-14
   1.7482910e+01   6.6744734e-14
   1.7545349e+01   4.2836423e-14
   1.7607788e+01   2.3088312e-14
   1.7670227e+01   1.3399630e-14
   1.7732666e+01   1.6022543e-14
   1.7795105e+01   2.0741657e-14
   1.7857544e+01   2.8627240e-14
   1.7919983e+01   3.1824516e-14
   1.7982422e+01   3.3796584e-14
   1.8044861e+01   2.9931661e-14
   1.8107300e+01   2.6525686e-14
   1.8169739e+01   2.0870261e-14
   1.8232178e+01   1.9795933e-14
   1.8294617e+01   1.9166162e-14
   1.8357056e+01   2.3625773e-14
   1.8419495e+01   2.7819594e-14
   1.8481934e+01   3.4261897e-14
   1.8544373e+01   3.4368560e-14
   1.8606812e+01   3.1673723e-14
   1.8669250e+01   2.5022444e-14
   1.8731689e+01   2.3053408e-14
   1.8794128e+01   2.0977073e-14
   1.8856567e+01   2.1376992e-14
   1.8919006e+01   1.8933588e-14
   1.8981445e+01   1.9283297e-14
   1.9043884e+01   1.8523498e-14
   1.9106323e+01   2.1251361e-14
   1.9168762e+01   2.2524659e-14
   1.9231201e+01   2.6165256e-14
   1.9293640e+01   2.6196604e-14
   1.9356079e+01   2.6732337e-14
   1.9418518e+01   2.4807088e-14
   1.9480957e+01   2.6774067e-14
   1.9543396e+01   2.6893879e-14
   1.9605835e+01   2.6593723e-14
   1.9668274e+01   2.0759985e-14
   1.9730713e+01   1.6527526e-14
   1.9793152e+01   1.1854812e-14
   1.9855591e+01   1.1922007e-14
   1.9918030e+01   1.2343099e-14
   1.9980469e+01   1.7351960e-14
   2.0042908e+01   2.1205721e-14
   2.0105347e+01   2.6534321e-14
   2.0167786e+01   2.7726540e-14
   2.0230225e+01   2.9022992e-14
   2.0292664e+01   2.7198983e-14
   2.0355103e+01   2.8466928e-14
   2.0417542e+01   2.8034929e-14
   2.0479980e+01   2.5869665e-14
   2.0542419e+01   1.2546847e-14
   2.0604858e+01  -5.1964678e-15
   2.0667297e+01  -1.6645529e-14
   2.0729736e+01  -2.8466524e-15
   2.0792175e+01   2.4458154e-14
   2.0854614e+01   4.6551190e-14
   2.0917053e+01   4.7771314e-14
   2.0979492e+01   3.8495894e-14
   2.1041931e+01   2.4245802e-14
   2.1104370e+01   1.4711358e-14
   2.1166809e+01   7.2253416e-15
   2.1229248e+01   5.6766048e-15
   2.1291687e+01   5.1764342e-15
   2.1354126e+01   9.2755426e-15
   2.1416565e+01   1.2348777e-14
   2.1479004e+01   1.6852199e-14
   2.1541443e+01   1.8365258e-14
   2.1603882e+01   2.2305943e-14
   2.1666321e+01   2.4661353e-14
   2.1728760e+01   2.7441698e-14
   2.1791199e+01   2.4648971e-14
   2.1853638e+01   2.1091118e-14
   2.1916077e+01   1.4731305e-14
   2.1978516e+01   1.1197347e-14
   2.2040955e+01   7.3950924e-15
   2.2103394e+01   8.3923102e-15
   2.2165833e+01   1.0241396e-14
   2.2228271e+01   1.5712014e-14
   2.2290710e+01   1.8561168e-14
   2.2353149e+01   2.0565931e-14
   2.2415588e+01   1.7245817e-14
   2.2478027e+01   1.5742014e-14
   2.2540466e+01   1.5575160e-14
   2.2602905e+01   1.9749916e-14
   2.2665344e+01   2.0087774e-14
   2.2727783e+01   1.8386644e-14
   2.2790222e+01   1.2507000e-14
   2.2852661e+01   1.0427744e-14
   2.2915100e+01   1.0140371e-14
   2.2977539e+01   1.3615310e-14
   2.3039978e+01   1.4155387e-14
   2.3102417e+01   1.5025462e-14
   2.3164856e+01   1.3087950e-14
   2.3227295e+01   1.3410284e-14
   2.3289734e+01   1.2972633e-14
   2.3352173e+01   1.5565034e-14
   2.3414612e+01   1.6516495e-14
   2.3477051e+01   1.9208659e-14
   2.3539490e+01   1.9001803e-14
   2.3601929e+01   1.8265006e-14
   2.3664368e+01   1.2802119e-14
   2.3726807e+01   8.9680982e-15
   2.3789246e+01   6.0206594e-15
   2.3851685e+01   8.1108553e-15
   2.3914124e+01   9.5511795e-15
   2.3976562e+01   1.3070998e-14
   2.4039001e+01   1.5136423e-14
   2.4101440e+01   1.9482180e-14
   2.4163879e+01   2.1120084e-14
   2.4226318e+01   2.2254329e-14
   2.4288757e+01   1.7341539e-14
   2.4351196e+01   8.7543202e-15
   2.4413635e+01  -4.5167976e-15
   2.4476074e+01  -8.1937288e-15
   2.4538513e+01   4.6805353e-15
   2.4600952e+01   3.0745689e-14
   2.4663391e+01   4.2263180e-14
   2.4725830e+01   3.1406431e-14
   2.4788269e+01   8.3345287e-15
   2.4850708e+01  -5.4746424e-15
   2.4913147e+01  -8.9881807e-15
   2.4975586e+01  -2.0840303e-15
   2.5038025e+01   7.2754355e-15
   2.5100464e+01   1.8732039e-14
   2.5162903e+01   2.4910962e-14
   2.5225342e+01   2.7530281e-14
   2.5287781e+01   2.3030751e-14
   2.5350220e+01   1.6784208e-14
   2.5412659e+01   8.0770088e-15
   2.5475098e+01   3.2278078e-15
   2.5537537e+01  -3.5522373e-17
   2.5599976e+01   2.6344934e-15
   2.5662415e+01   7.3190394e-15
   2.5724854e+01   1.4296187e-14
   2.5787292e+01   1.5408847e-14
   2.5849731e+01   1.4164878e-14
   2.5912170e+01   1.1688505e-14
   2.5974609e+01   1.4215651e-14
   2.6037048e+01   1.5826072e-14
   2.6099487e+01   1.6989271e-14
   2.6161926e+01   1.3839274e-14
   2.6224365e+01   1.1447708e-14
   2.6286804e+01   7.5184134e-15
   2.6349243e+01   6.3274709e-15
   2.6411682e+01   4.8755158e-15
   2.6474121e+01   6.2977753e-15
   2.6536560e+01   5.9964373e-15
   2.6598999e+01   7.6638756e-15
   2.6661438e+01   9.7472369e-15
   2.6723877e+01   1.6321180e-14
   2.6786316e+01   2.0515309e-14
   2.6848755e+01   2.1757741e-14
   2.6911194e+01   1.6583473e-14
   2.6973633e+01   1.1533224e-14
   2.7036072e+01   5.4424666e-15
   2.7098511e+01   2.7078103e-15
   2.7160950e+01   7.4913666e-16
   2.7223389e+01   3.3065491e-15
   2.7285828e+01   5.8357610e-15
   2.7348267e+01   1.0213974e-14
   2.7410706e+01   1.1990325e-14
   2.7473145e+01   1.4498726e-14
   2.7535583e+01   1.5641949e-14
   2.7598022e+01   2.0110011e-14
   2.7660461e+01   2.2408584e-14
   2.7722900e+01   2.0223725e-14
   2.7785339e+01   6.1232376e-15
   2.7847778e+01  -1.0875025e-14
   2.7910217e+01  -1.8169261e-14
   2.7972656e+01  -3.1491797e-15
   2.8035095e+01   1.8500032e-14
   2.8097534e+01   3.1145870e-14
   2.8159973e+01   2.7130882e-14
   2.8222412e+01   1.7666157e-14
   2.8284851e+01   7.1501049e-15
   2.8347290e+01   2.3778526e-15
   2.8409729e+01   2.6012450e-16
   2.8472168e+01   2.8504437e-15
   2.8534607e+01   5.6050602e-15
   2.8597046e+01   1.0599383e-14
   2.8659485e+01   1.2604535e-14
   2.8721924e+01   1.3627903e-14
   2.8784363e+01   1.1562676e-14
   2.8846802e+01   1.2077106e-14
   2.8909241e+01   1.2034419e-14
   2.8971680e+01   1.2494952e-14
   2.9034119e+01   9.0747200e-15
   2.9096558e+01   6.4872365e-15
   2.9158997e+01   3.3456191e-15
   2.9221436e+01   3.6221441e-15
   2.9283875e+01   4.3734755e-15
   2.9346313e+01   9.0706700e-15
   2.9408752e+01   1.3583778e-14
   2.9471191e+01   1.9006314e-14
   2.9533630e+01   1.9476014e-14
   2.9596069e+01   1.6306041e-14
   2.9658508e+01   7.9216705e-15
   2.9720947e+01   3.3809174e-15
   2.9783386e+01   3.4657204e-15
   2.9845825e+01   8.7360562e-15
   2.9908264e+01   1.0916597e-14
   2.9970703e+01   1.1567532e-14
   3.0033142e+01   1.0241135e-14
   3.0095581e+01   1.3936921e-14
   3.0158020e+01   1.9790158e-14
   3.0220459e+01   2.7781404e-14
   3.0282898e+01   3.2663569e-14
   3.0345337e+01   3.8480303e-14
   3.0407776e+01   4.3223601e-14
   3.0470215e+01   4.7284590e-14
   3.0532654e+01   4.1246914e-14
   3.0595093e+01   3.0583336e-14
   3.0657532e+01   2.7402102e-14
   3.0719971e+01   3.7394644e-14
   3.0782410e+01   3.9012130e-14
   3.0844849e+01   2.7339418e-14
   3.0907288e+01   1.0515746e-14
   3.0969727e+01   2.1542356e-15
   3.1032166e+01   1.2653780e-16
   3.1094604e+01   3.2173251e-15
   3.1157043e+01   4.3732020e-15
   3.1219482e+01   5.8500330e-15
   3.1281921e+01   5.6406754e-15
   3.1344360e+01   7.2952752e-15
   3.1406799e+01   7.1361127e-15
   3.1469238e+01   7.2675196e-15
   3.1531677e+01   3.0634062e-15
   3.1594116e+01  -3.4880177e-15
   3.1656555e+01  -1.1563674e-14
   3.1718994e+01  -7.6699954e-15
   3.1781433e+01   1.1088816e-14
   3.1843872e+01   3.4711517e-14
   3.1906311e+01   3.8616154e-14
   3.1968750e+01   2.2920494e-14
   3.2031189e+01   9.9026565e-16
   3.2093628e+01  -1.0771564e-14
   3.2156067e+01  -1.3662815e-14
   3.2218506e+01  -7.5875531e-15
   3.2280945e+01   1.3420783e-15
   3.2343384e+01   1.2306782e-14
   3.2405823e+01   1.8683395e-14
   3.2468262e+01   2.1691472e-14
   3.2530701e+01   1.8475753e-14
   3.2593140e+01   1.3863538e-14
   3.2655579e+01   7.7816741e-15
   3.2718018e+01   5.1243168e-15
   3.2780457e+01   3.2095511e-15
   3.2842896e+01   5.3504548e-15
   3.2905334e+01   8.4253835e-15
   3.2967773e+01   1.1893914e-14
   3.3030212e+01   8.8487789e-15
   3.3092651e+01   4.6652515e-15
   3.3155090e+01   2.8544623e-15
   3.3217529e+01   7.9441111e-15
   3.3279968e+01   1.2954661e-14
   3.3342407e+01   1.7225983e-14
   3.3404846e+01   1.7208024e-14
   3.3467285e+01   1.5451200e-14
   3.3529724e+01   6.5837826e-15
   3.3592163e+01  -7.7721393e-15
   3.3654602e+01  -2.3436496e-14
   3.3717041e+01  -2.6195638e-14
   3.3779480e+01  -2.3296267e-14
   3.3841919e+01  -2.7390265e-14
   3.3904358e+01  -3.7512552e-14
   3.3966797e+01  -3.5155785e-14
   3.4029236e+01  -2.4277006e-14
   3.4091675e+01  -1.3328117e-14
   3.4154114e+01  -9.3692959e-15
   3.4216553e+01  -7.3461039e-15
   3.4278992e+01  -8.1731034e-15
   3.4341431e+01  -7.7478186e-15
   3.4403870e+01  -6.9494378e-15
   3.4466309e+01  -2.1809496e-15
   3.4528748e+01   1.7206885e-15
   3.4591187e+01   5.1943833e-15
   3.4653625e+01   4.7388795e-15
   3.4716064e+01   4.5222602e-15
   3.4778503e+01   4.5962659e-15
   3.4840942e+01   9.2571988e-15
   3.4903381e+01   1.2301589e-14
   3.4965820e+01   1.0062353e-14
   3.5028259e+01  -2.8032478e-15
   3.5090698e+01  -1.4964276e-14
   3.5153137e+01  -1.4004751e-14
   3.5215576e+01   5.4832242e-15
   3.5278015e+01   2.4235110e-14
   3.5340454e+01   2.9995115e-14
   3.5402893e+01   2.0849827e-14
   3.5465332e+01   8.4569416e-15
   3.5527771e+01  -3.0543635e-15
   3.5590210e+01  -7.9298977e-15
   3.5652649e+01  -8.9257060e-15
   3.5715088e+01  -4.6071570e-15
   3.5777527e+01   9.1539766e-16
   3.5839966e+01   8.4028824e-15
   3.5902405e+01   1.2289437e-14
   3.5964844e+01   1.4049672e-14
   3.6027283e+01   1.2781162e-14
   3.6089722e+01   1.3417413e-14
   3.6152161e+01   1.2309188e-14
   3.6214600e+01   9.7586712e-15
   3.6277039e+01   3.1336428e-15
   3.6339478e+01  -2.1455053e-15
   3.6401917e+01  -6.4839040e-15
   3.6464355e+01  -6.2760723e-15
   3.6526794e+01  -3.6803003e-15
   3.6589233e+01   3.9079470e-15
   3.6651672e+01   1.1875096e-14
   3.6714111e+01   1.9523629e-14
   3.6776550e+01   2.0309044e-14
   3.6838989e+01   1.4909600e-14
   3.6901428e+01   4.3913263e-15
   3.6963867e+01  -7.3458415e-16
   3.7026306e+01  -2.8794765e-16
   3.7088745e+01   3.5010079e-15
   3.7151184e+01   2.7384427e-15
   3.7213623e+01   1.8177330e-16
   3.7276062e+01  -2.3738505e-15
   3.7338501e+01   1.4246784e-15
   3.7400940e+01   7.3503648e-15
   3.7463379e+01   1.3364378e-14
   3.7525818e+01   1.4154477e-14
   3.7588257e+01   1.2608635e-14
   3.7650696e+01   7.7715333e-15
   3.7713135e+01   4.4752352e-15
   3.7775574e+01   1.5223258e-15
   3.7838013e+01   1.5999491e-15
   3.7900452e+01   1.9824408e-15
   3.7962891e+01   4.9551728e-15
   3.8025330e+01   5.9025278e-15
   3.8087769e+01   5.2172442e-15
   3.8150208e+01   1.5171156e-15
   3.8212646e+01   1.3446238e-15
   3.8275085e+01   3.5341702e-15
   3.8337524e+01   8.0318431e-15
   3.8399963e+01   9.5766191e-15
   3.8462402e+01   1.0808908e-14
   3.8524841e+01   1.0302101e-14
   3.8587280e+01   1.0719085e-14
   3.8649719e+01   8.8518366e-15
   3.8712158e+01   6.4827183e-15
   3.8774597e+01  -3.7536978e-16
   3.8837036e+01  -9.1906240e-15
   3.8899475e+01  -1.6389190e-14
   3.8961914e+01  -8.6018266e-15
   3.9024353e+01   1.2847130e-14
   3.9086792e+01   3.2901168e-14
   3.9149231e+01   3.1248803e-14
   3.9211670e+01   1.4477111e-14
   3.9274109e+01  -3.3942728e-15
   3.9336548e+01  -1.0932137e-14
   3.9398987e+01  -1.1253245e-14
   3.9461426e+01  -4.4866321e-15
   3.9523865e+01   3.9193857e-15
   3.9586304e+01   1.2512195e-14
   3.9648743e+01   1.5635091e-14
   3.9711182e+01   1.4853386e-14
   3.9773621e+01   8.6737675e-15
   3.9836060e+01   2.3631000e-15
   3.9898499e+01  -3.2872142e-15
   3.9960938e+01  -4.0562445e-15
   4.0023376e+01  -1.8176500e-15
   4.0085815e+01   6.0548993e-15
   4.0148254e+01   1.3802188e-14
   4.0210693e+01   1.6722568e-14
   4.0273132e+01   9.3774881e-15
   4.0335571e+01   1.0588777e-15
   4.0398010e+01  -2.5278325e-15
   4.0460449e+01   9.3448571e-16
   4.0522888e+01   3.7525013e-15
   4.0585327e+01   5.5878499e-15
   4.0647766e+01   4.8309332e-15
   4.0710205e+01   5.2255345e-15
   4.0772644e+01   4.7036195e-15
   4.0835083e+01   5.9048011e-15
   4.0897522e+01   6.0492504e-15
   4.0959961e+01   6.0989386e-15
   4.1022400e+01   3.1510255e-15
   4.1084839e+01   2.2447796e-15
   4.1147278e+01   4.0643849e-15
   4.1209717e+01   9.4375131e-15
   4.1272156e+01   1.0676262e-14
   4.1334595e+01   8.0702446e-15
   4.1397034e+01   2.2245634e-15
   4.1459473e+01  -1.1035593e-15
   4.1521912e+01  -3.3024416e-15
   4.1584351e+01  -1.6899265e-15
   4.1646790e+01   1.4996851e-15
   4.1709229e+01   7.2209009e-15
   4.1771667e+01   1.0632613e-14
   4.1834106e+01   1.2326827e-14
   4.1896545e+01   9.5999962e-15
   4.1958984e+01   6.7823861e-15
   4.2021423e+01   5.2076279e-15
   4.2083862e+01   8.1797927e-15
   4.2146301e+01   8.6240461e-15
   4.2208740e+01   2.6027438e-15
   4.2271179e+01  -1.1845007e-14
   4.2333618e+01  -2.0423700e-14
   4.2396057e+01  -1.2025626e-14
   4.2458496e+01   1.1426565e-14
   4.2520935e+01   2.8550334e-14
   4.2583374e+01   3.0732176e-14
   4.2645813e+01   1.9867316e-14
   4.2708252e+01   6.9585406e-15
   4.2770691e+01  -4.3873629e-15
   4.2833130e+01  -9.4299987e-15
   4.2895569e+01  -1.0678257e-14
   4.2958008e+01  -6.8715497e-15
   4.3020447e+01  -1.4188050e-15
   4.3082886e+01   5.6033135e-15
   4.3145325e+01   8.9460683e-15
   4.3207764e+01   1.0530806e-14
   4.3270203e+01   1.0771304e-14
   4.3332642e+01   1.3321791e-14
   4.3395081e+01   1.3344260e-14
   4.3457520e+01   1.0324821e-14
   4.3519958e+01   2.9887137e-15
   4.3582397e+01  -3.1405498e-15
   4.3644836e+01  -8.0804522e-15
   4.3707275e+01  -8.4796249e-15
   4.3769714e+01  -5.5746819e-15
   4.3832153e+01   2.6619728e-15
   4.3894592e+01   1.1423368e-14
   4.3957031e+01   1.8655590e-14
   4.4019470e+01   1.7470484e-14
   4.4081909e+01   9.1235044e-15
   4.4144348e+01  -1.6326105e-15
   4.4206787e+01  -3.5455496e-15
   4.4269226e+01   9.6381398e-16
   4.4331665e+01   6.1085516e-15
   4.4394104e+01   4.4816678e-15
   4.4456543e+01   3.3636072e-16
   4.4518982e+01  -2.5220194e-15
   4.4581421e+01   1.2768149e-15
   4.4643860e+01   6.4924061e-15
   4.4706299e+01   1.0561668e-14
   4.4768738e+01   9.6318490e-15
   4.4831177e+01   6.8952986e-15
   4.4893616e+01   2.3449746e-15
   4.4956055e+01   4.4077692e-16
   4.5018494e+01  -1.8485455e-16
   4.5080933e+01   2.0719056e-15
   4.5143372e+01   4.6433225e-15
   4.5205811e+01   8.5262597e-15
   4.5268250e+01   8.5106183e-15
   4.5330688e+01   5.0349630e-15
   4.5393127e+01  -7.7589718e-16
   4.5455566e+01  -1.8269332e-15
   4.5518005e+01   1.9195476e-16
   4.5580444e+01   3.9177333e-15
   4.5642883e+01   5.0934330e-15
   4.5705322e+01   6.6754617e-15
   4.5767761e+01   7.5481520e-15
   4.5830200e+01   9.3172373e-15
   4.5892639e+01   8.8701482e-15
   4.5955078e+01   7.0233963e-15
   4.6017517e+01  -1.9814436e-16
   4.6079956e+01  -9.6561115e-15
   4.6142395e+01  -1.5038400e-14
   4.6204834e+01  -3.9946340e-15
   4.6267273e+01   1.7244721e-14
   4.6329712e+01   3.0453934e-14
   4.6392151e+01   2.1617091e-14
   4.6454590e+01   3.1218788e-15
   4.6517029e+01  -1.1466986e-14
   4.6579468e+01  -1.4912897e-14
   4.6641907e+01  -1.1245866e-14
   4.6704346e+01  -1.1611315e-15
   4.6766785e+01   9.4858463e-15
   4.6829224e+01   1.7982916e-14
   4.6891663e+01   1.9251437e-14
   4.6954102e+01   1.4996113e-14
   4.7016541e+01   5.2206126e-15
   4.7078979e+01  -3.9398736e-15
   4.7141418e+01  -1.0572531e-14
   4.7203857e+01  -1.0810326e-14
   4.7266296e+01  -5.7018279e-15
   4.7328735e+01   6.1786063e-15
   4.7391174e+01   1.6397853e-14
   4.7453613e+01   1.7584488e-14
   4.7516052e+01   7.4509269e-15
   4.7578491e+01  -1.1006555e-15
   4.7640930e+01  -2.3027675e-15
   4.7703369e+01   2.5467032e-15
   4.7765808e+01   4.9860665e-15
   4.7828247e+01   5.1848930e-15
   4.7890686e+01   2.9998859e-15
   4.7953125e+01   1.9884199e-15
   4.8015564e+01   8.2130654e-16
   4.8078003e+01   1.9055236e-15
   4.8140442e+01   2.4848031e-15
   4.8202881e+01   2.6314767e-15
   4.8265320e+01   5.7957501e-16
   4.8327759e+01   1.8286540e-15
   4.8390198e+01   6.5887021e-15
   4.8452637e+01   1.2817481e-14
   4.8515076e+01   1.2630070e-14
   4.8577515e+01   7.5718069e-15
   4.8639954e+01   1.0463035e-16
   4.8702393e+01  -4.5238595e-15
   4.8764832e+01  -7.2728817e-15
   4.8827271e+01  -5.4836168e-15
   4.8889709e+01  -1.0865973e-15
   4.8952148e+01   5.6292366e-15
   4.9014587e+01   9.8025870e-15
   4.9077026e+01   1.1377843e-14
   4.9139465e+01   8.4075450e-15
   4.9201904e+01   5.8209221e-15
   4.9264343e+01   5.8108159e-15
   4.9326782e+01   9.5212666e-15
   4.9389221e+01   8.4495352e-15
   4.9451660e+01  -1.1757740e-15
   4.9514099e+01  -1.7144944e-14
   4.9576538e+01  -2.2523469e-14
   4.9638977e+01  -8.9219954e-15
   4.9701416e+01   1.4922738e-14
   4.9763855e+01   2.7964721e-14
   4.9826294e+01   2.5974339e-14
   4.9888733e+01   1.3844894e-14
   4.9951172e+01   1.6239908e-15
   5.0013611e+01  -7.5681049e-15
   5.0076050e+01  -1.0404144e-14
   5.0138489e+01  -9.5989064e-15
   5.0200928e+01  -4.5045571e-15
   5.0263367e+01   1.5898918e-15
   5.0325806e+01   7.4188483e-15
   5.0388245e+01   8.5179022e-15
   5.0450684e+01   8.0151470e-15
   5.0513123e+01   7.8756912e-15
   5.0575562e+01   1.0310836e-14
   5.0638000e+01   9.7580187e-15
   5.0700439e+01   5.6994294e-15
   5.0762878e+01  -1.4998653e-15
   5.0825317e+01  -6.6484899e-15
   5.0887756e+01  -9.7899487e-15
   5.0950195e+01  -8.1612792e-15
   5.1012634e+01  -2.6218686e-15
   5.1075073e+01   7.5598154e-15
   5.1137512e+01   1.6919599e-14
   5.1199951e+01   2.1661696e-14
   5.1262390e+01   1.4999132e-14
   5.1324829e+01   6.4646255e-16
   5.1387268e+01  -1.1369769e-14
   5.1449707e+01  -9.9435843e-15
   5.1512146e+01  -1.3772163e-15
   5.1574585e+01   5.2259258e-15
   5.1637024e+01   3.8152478e-15
   5.1699463e+01   3.1786352e-16
   5.1761902e+01  -2.3219415e-16
   5.1824341e+01   5.2940797e-15
   5.1886780e+01   1.0327054e-14
   5.1949219e+01   1.2027979e-14
   5.2011658e+01   8.1807936e-15
   5.2074097e+01   2.4842300e-15
   5.2136536e+01  -3.6203071e-15
   5.2198975e+01  -5.7967723e-15
   5.2261414e+01  -5.2822000e-15
   5.2323853e+01  -1.1713054e-15
   5.2386292e+01   4.1801788e-15
   5.2448730e+01   9.9045003e-15
   5.2511169e+01   1.0040023e-14
   5.2573608e+01   5.4375578e-15
   5.2636047e+01  -3.0949257e-16
   5.2698486e+01  -6.7123398e-16
   5.2760925e+01   1.3928517e-15
   5.2823364e+01   3.4181037e-15
   5.2885803e+01   2.7757097e-15
   5.2948242e+01   2.9426112e-15
   5.3010681e+01   3.3451145e-15
   5.3073120e+01   4.9334616e-15
   5.3135559e+01   5.0888231e-15
   5.3197998e+01   3.5836442e-15
   5.3260437e+01  -3.3465582e-15
   5.3322876e+01  -1.1549345e-14
   5.3385315e+01  -1.2264946e-14
   5.3447754e+01   3.9025894e-15
   5.3510193e+01   2.4804676e-14
   5.3572632e+01   3.0706224e-14
   5.3635071e+01   1.5132907e-14
   5.3697510e+01  -5.2260140e-15
   5.3759949e+01  -1.8154298e-14
   5.3822388e+01  -1.9647335e-14
   5.3884827e+01  -1.3468227e-14
   5.3947266e+01  -8.9689317e-16
   5.4009705e+01   1.1656978e-14
   5.4072144e+01   2.0292742e-14
   5.4134583e+01   2.0582783e-14
   5.4197021e+01   1.4138538e-14
   5.4259460e+01   2.4417709e-15
   5.4321899e+01  -7.8812419e-15
   5.4384338e+01  -1.4244090e-14
   5.4446777e+01  -1.3207263e-14
   5.4509216e+01  -4.8465687e-15
   5.4571655e+01   1.0042890e-14
   5.4634094e+01   1.9487416e-14
   5.4696533e+01   1.4891775e-14
   5.4758972e+01   4.7049596e-17
   5.4821411e+01  -8.2043896e-15
   5.4883850e+01  -5.6465992e-15
   5.4946289e+01   1.9545342e-15
   5.5008728e+01   5.7223795e-15
   5.5071167e+01   6.2363641e-15
   5.5133606e+01   4.3297485e-15
   5.5196045e+01   2.8654822e-15
   5.5258484e+01   1.2341639e-15
   5.5320923e+01   1.3688777e-15
   5.5383362e+01   5.8883355e-16
   5.5445801e+01  -1.3627421e-15
   5.5508240e+01  -4.0918995e-15
   5.5570679e+01  -1.5148617e-15
   5.5633118e+01   5.5910405e-15
   5.5695557e+01   1.2214006e-14
   5.5757996e+01   1.1174904e-14
   5.5820435e+01   5.3958289e-15
   5.5882874e+01  -1.4997507e-15
   5.5945312e+01  -5.5453288e-15
   5.6007751e+01  -7.3649631e-15
   5.6070190e+01  -4.6924960e-15
   5.6132629e+01   5.1076952e-16
   5.6195068e+01   6.6610710e-15
   5.6257507e+01   9.3501934e-15
   5.6319946e+01   8.3013433e-15
   5.6382385e+01   3.2979466e-15
   5.6444824e+01   5.0140423e-16
   5.6507263e+01   2.6560487e-15
   5.6569702e+01   7.8275641e-15
   5.6632141e+01   6.1583787e-15
   5.6694580e+01  -5.3714782e-15
   5.6757019e+01  -1.9938850e-14
   5.6819458e+01  -1.9570788e-14
   5.6881897e+01  -7.0071216e-16
   5.6944336e+01   2.1612085e-14
   5.7006775e+01   2.8810976e-14
   5.7069214e+01   2.1169225e-14
   5.7131653e+01   6.1658055e-15
   5.7194092e+01  -6.8596192e-15
   5.7256531e+01  -1.4687356e-14
   5.7318970e+01  -1.5356092e-14
   5.7381409e+01  -1.1562797e-14
   5.7443848e+01  -3.5554466e-15
   5.7506287e+01   4.9226776e-15
   5.7568726e+01   1.0857841e-14
   5.7631165e+01   1.0859070e-14
   5.7693604e+01   9.2306048e-15
   5.7756042e+01   8.8915157e-15
   5.7818481e+01   9.9110409e-15
   5.7880920e+01   6.6372564e-15
   5.7943359e+01  -5.7578060e-16
   5.8005798e+01  -9.1700982e-15
   5.8068237e+01  -1.4309305e-14
   5.8130676e+01  -1.5646804e-14
   5.8193115e+01  -1.0871966e-14
   5.8255554e+01  -6.9367577e-16
   5.8317993e+01   1.3545814e-14
   5.8380432e+01   2.4996123e-14
   5.8442871e+01   2.7093723e-14
   5.8505310e+01   1.3663578e-14
   5.8567749e+01  -7.1610592e-15
   5.8630188e+01  -1.9366433e-14
   5.8692627e+01  -1.4230351e-14
   5.8755066e+01  -3.0631397e-15
   5.8817505e+01   2.6840559e-15
   5.8879944e+01  -4.0469171e-17
   5.8942383e+01  -3.1105212e-15
   5.9004822e+01  -7.1450213e-16
   5.9067261e+01   7.1695399e-15
   5.9129700e+01   1.2880402e-14
   5.9192139e+01   1.3352500e-14
   5.9254578e+01   7.8327803e-15
   5.9317017e+01   1.6883138e-16
   5.9379456e+01  -6.8044913e-15
   5.9441895e+01  -9.3441393e-15
   5.9504333e+01  -8.4272598e-15
   5.9566772e+01  -3.5998549e-15
   5.9629211e+01   3.1215659e-15
   5.9691650e+01   8.7390887e-15
   5.9754089e+01   7.3927970e-15
   5.9816528e+01   1.4165577e-15
   5.9878967e+01  -2.9644066e-15
   5.9941406e+01  -1.0424733e-15
   6.0003845e+01   2.4639817e-15
   6.0066284e+01   4.0467609e-15
   6.0128723e+01   2.8534465e-15
   6.0191162e+01   2.2735874e-15
   6.0253601e+01   2.0870140e-15
   6.0316040e+01   2.5939685e-15
   6.0378479e+01   1.9180828e-15
   6.0440918e+01  -1.2395921e-15
   6.0503357e+01  -9.5183805e-15
   6.0565796e+01  -1.6807259e-14
   6.0628235e+01  -1.2020281e-14
   6.0690674e+01   9.3387581e-15
   6.0753113e+01   2.9200999e-14
   6.0815552e+01   2.8476549e-14
   6.0877991e+01   8.7957311e-15
   6.0940430e+01  -1.1170410e-14
   6.1002869e+01  -2.1539014e-14
   6.1065308e+01  -2.1069174e-14
   6.1127747e+01  -1.2725999e-14
   6.1190186e+01   1.1133091e-15
   6.1252625e+01   1.3652220e-14
   6.1315063e+01   2.0227045e-14
   6.1377502e+01   1.7705961e-14
   6.1439941e+01   7.9549012e-15
   6.1502380e+01  -5.4277990e-15
   6.1564819e+01  -1.5576952e-14
   6.1627258e+01  -1.9436378e-14
   6.1689697e+01  -1.4120921e-14
   6.1752136e+01   7.1604090e-16
   6.1814575e+01   1.9617254e-14
   6.1877014e+01   2.5931619e-14
   6.1939453e+01   1.2104658e-14
   6.2001892e+01  -8.8471385e-15
   6.2064331e+01  -1.6897252e-14
   6.2126770e+01  -1.1104983e-14
   6.2189209e+01  -1.8427489e-15
   6.2251648e+01   2.7616305e-15
   6.2314087e+01   3.8895531e-15
   6.2376526e+01   3.2484413e-15
   6.2438965e+01   2.6661079e-15
   6.2501404e+01   2.2041593e-15
   6.2563843e+01   2.5465498e-15
   6.2626282e+01   8.5274070e-16
   6.2688721e+01  -3.2767625e-15
   6.2751160e+01  -6.6815975e-15
   6.2813599e+01  -3.3337045e-15
   6.2876038e+01   4.4393110e-15
   6.2938477e+01   9.0852492e-15
   6.3000916e+01   5.6786112e-15
   6.3063354e+01  -1.2380855e-15
   6.3125793e+01  -7.1256297e-15
   6.3188232e+01  -9.6029844e-15
   6.3250671e+01  -8.7213128e-15
   6.3313110e+01  -3.2826406e-15
   6.3375549e+01   4.1836367e-15
   6.3437988e+01   1.0313350e-14
   6.3500427e+01   1.1203661e-14
   6.3562866e+01   6.3545912e-15
   6.3625305e+01  -1.7552260e-15
   6.3687744e+01  -5.5026915e-15
   6.3750183e+01  -2.0969321e-15
   6.3812622e+01   2.8675499e-15
   6.3875061e+01  -7.8860264e-16
   6.3937500e+01  -1.4093149e-14
   6.3999939e+01  -2.4973891e-14
   6.4062378e+01  -1.6583370e-14
   6.4124817e+01   8.0554723e-15
   6.4187256e+01   2.8523267e-14
   6.4249695e+01   3.0404480e-14
   6.4312134e+01   1.7644008e-14
   6.4374573e+01  -2.7134713e-16
   6.4437012e+01  -1.4780300e-14
   6.4499451e+01  -2.2201442e-14
   6.4561890e+01  -2.1931065e-14
   6.4624329e+01  -1.6003383e-14
   6.4686768e+01  -5.6604210e-15
   6.4749207e+01   4.8323800e-15
   6.4811646e+01   1.0737132e-14
   6.4874084e+01   1.0599588e-14
   6.4936523e+01   9.6045689e-15
   6.4998962e+01   1.0648089e-14
   6.5061401e+01   1.0695025e-14
   6.5123840e+01   4.6019076e-15
   6.5186279e+01  -6.1229127e-15
   6.5248718e+01  -1.6647858e-14
   6.5311157e+01  -2.2775973e-14
   6.5373596e+01  -2.3097349e-14
   6.5436035e+01  -1.5551925e-14
   6.5498474e+01  -5.9394144e-16
   6.5560913e+01   1.7827054e-14
   6.5623352e+01   3.0959839e-14
   6.5685791e+01   2.8671258e-14
   6.5748230e+01   7.1599327e-15
   6.5810669e+01  -1.8519479e-14
   6.5873108e+01  -2.6916415e-14
   6.5935547e+01  -1.5508009e-14
   6.5997986e+01  -1.7187369e-15
   6.6060425e+01   1.7392512e-15
   6.6122864e+01  -3.5618575e-15
   6.6185303e+01  -7.1845067e-15
   6.6247742e+01  -3.0043314e-15
   6.6310181e+01   5.5179532e-15
   6.6372620e+01   1.0676198e-14
   6.6435059e+01   9.4827541e-15
   6.6497498e+01   2.8805563e-15
   6.6559937e+01  -5.3710397e-15
   6.6622375e+01  -1.1185254e-14
   6.6684814e+01  -1.2322779e-14
   6.6747253e+01  -9.5535840e-15
   6.6809692e+01  -3.2624271e-15
   6.6872131e+01   4.4249474e-15
   6.6934570e+01   7.8696518e-15
   6.6997009e+01   2.6933034e-15
   6.7059448e+01  -6.1061022e-15
   6.7121887e+01  -9.5924184e-15
   6.7184326e+01  -5.9730567e-15
   6.7246765e+01  -1.3380204e-15
   6.7309204e+01   2.4325516e-16
   6.7371643e+01  -3.1471991e-17
   6.7434082e+01   2.7773234e-16
   6.7496521e+01   1.0786766e-15
   6.7558960e+01   1.5675953e-15
   6.7621399e+01   3.8072372e-16
   6.7683838e+01  -5.2916059e-15
   6.7746277e+01  -1.5920831e-14
   6.7808716e+01  -2.2761027e-14
   6.7871155e+01  -1.2980456e-14
   6.7933594e+01   1.1117908e-14
   6.7996033e+01   2.7015492e-14
   6.8058472e+01   1.9030417e-14
   6.8120911e+01  -2.8633011e-15
   6.8183350e+01  -2.0381585e-14
   6.8245789e+01  -2.6383107e-14
   6.8308228e+01  -2.2156868e-14
   6.8370667e+01  -9.9598006e-15
   6.8433105e+01   5.5701748e-15
   6.8495544e+01   1.7316001e-14
   6.8557983e+01   1.9927576e-14
   6.8620422e+01   1.2204927e-14
   6.8682861e+01  -3.2487992e-15
   6.8745300e+01  -1.9705088e-14
   6.8807739e+01  -3.0146470e-14
   6.8870178e+01  -3.0484264e-14
   6.8932617e+01  -1.8127699e-14
   6.8995056e+01   6.6350314e-15
   6.9057495e+01   3.0203948e-14
   6.9119934e+01   3.0882043e-14
   6.9182373e+01   5.8158852e-15
   6.9244812e+01  -2.0004837e-14
   6.9307251e+01  -2.6001112e-14
   6.9369690e+01  -1.6690082e-14
   6.9432129e+01  -7.0024755e-15
   6.9494568e+01  -2.9192518e-15
   6.9557007e+01  -2.5251685e-15
   6.9619446e+01  -2.8666373e-15
   6.9681885e+01  -3.0553790e-15
   6.9744324e+01  -2.0023009e-15
   6.9806763e+01  -9.8088265e-16
   6.9869202e+01  -2.8107794e-15
   6.9931641e+01  -7.8327540e-15
   6.9994080e+01  -9.9017292e-15
   7.0056519e+01  -4.6368415e-15
   7.0118958e+01   3.3411807e-15
   7.0181396e+01   4.4209775e-15
   7.0243835e+01  -2.6160687e-15
   7.0306274e+01  -1.1841886e-14
   7.0368713e+01  -1.7784566e-14
   7.0431152e+01  -1.9526447e-14
   7.0493591e+01  -1.5838189e-14
   7.0556030e+01  -7.1795020e-15
   7.0618469e+01   3.2700512e-15
   7.0680908e+01   9.9597147e-15
   7.0743347e+01   9.5913167e-15
   7.0805786e+01   1.3195591e-15
   7.0868225e+01  -8.8003832e-15
   7.0930664e+01  -1.2415217e-14
   7.0993103e+01  -7.8207231e-15
   7.1055542e+01  -4.9071672e-15
   7.1117981e+01  -1.2611099e-14
   7.1180420e+01  -2.8544082e-14
   7.1242859e+01  -3.4907313e-14
   7.1305298e+01  -1.8517965e-14
   7.1367737e+01   1.0400851e-14
   7.1430176e+01   2.7915783e-14
   7.1492615e+01   2.5241386e-14
   7.1555054e+01   8.7384160e-15
   7.1617493e+01  -1.0523618e-14
   7.1679932e+01  -2.5296344e-14
   7.1742371e+01  -3.1523433e-14
   7.1804810e+01  -3.0385779e-14
   7.1867249e+01  -2.2754901e-14
   7.1929688e+01  -1.1378552e-14
   7.1992126e+01  -8.3715419e-16
   7.2054565e+01   2.9524402e-15
   7.2117004e+01   1.9575154e-15
   7.2179443e+01   1.8278510e-15
   7.2241882e+01   4.6827693e-15
   7.2304321e+01   3.8262167e-15
   7.2366760e+01  -4.3763999e-15
   7.2429199e+01  -1.7448977e-14
   7.2491638e+01  -2.8595675e-14
   7.2554077e+01  -3.4956427e-14
   7.2616516e+01  -3.3524312e-14
   7.2678955e+01  -2.2842990e-14
   7.2741394e+01  -3.1564114e-15
   7.2803833e+01   1.8133632e-14
   7.2866272e+01   2.9763599e-14
   7.2928711e+01   1.7872002e-14
   7.2991150e+01  -1.4977906e-14
   7.3053589e+01  -4.3644859e-14
   7.3116028e+01  -4.3252035e-14
   7.3178467e+01  -2.2347838e-14
   7.3240906e+01  -4.8900662e-15
   7.3303345e+01  -3.5997640e-15
   7.3365784e+01  -1.0924220e-14
   7.3428223e+01  -1.4949942e-14
   7.3490662e+01  -1.0050652e-14
   7.3553101e+01  -3.4286748e-15
   7.3615540e+01  -1.4176797e-15
   7.3677979e+01  -6.6317034e-15
   7.3740417e+01  -1.5640562e-14
   7.3802856e+01  -2.4702137e-14
   7.3865295e+01  -2.8308964e-14
   7.3927734e+01  -2.6546472e-14
   7.3990173e+01  -1.9724357e-14
   7.4052612e+01  -9.9760848e-15
   7.4115051e+01  -4.2945951e-16
   7.4177490e+01  -7.6101416e-17
   7.4239929e+01  -1.0140853e-14
   7.4302368e+01  -2.2435067e-14
   7.4364807e+01  -2.5862634e-14
   7.4427246e+01  -2.2692263e-14
   7.4489685e+01  -1.9197216e-14
   7.4552124e+01  -1.9228070e-14
   7.4614563e+01  -1.8929475e-14
   7.4677002e+01  -1.7505829e-14
   7.4739441e+01  -1.4626686e-14
   7.4801880e+01  -1.2795723e-14
   7.4864319e+01  -1.3217048e-14
   7.4926758e+01  -2.0867488e-14
   7.4989197e+01  -3.2954591e-14
   7.5051636e+01  -3.8296821e-14
   7.5114075e+01  -2.3868550e-14
   7.5176514e+01  -7.2866400e-16
   7.5238953e+01   6.9328477e-15
   7.5301392e+01  -1.0465643e-14
   7.5363831e+01  -3.4756385e-14
   7.5426270e+01  -5.0059016e-14
   7.5488708e+01  -5.1340910e-14
   7.5551147e+01  -4.2149024e-14
   7.5613586e+01  -2.4290385e-14
   7.5676025e+01  -6.0756295e-15
   7.5738464e+01   5.1960431e-15
   7.5800903e+01   3.0060001e-15
   7.5863342e+01  -1.1475594e-14
   7.5925781e+01  -3.4739963e-14
   7.5988220e+01  -5.6039569e-14
   7.6050659e+01  -6.8458117e-14
   7.6113098e+01  -6.5523849e-14
   7.6175537e+01  -4.4646043e-14
   7.6237976e+01  -8.7409140e-15
   7.6300415e+01   1.6248287e-14
   7.6362854e+01   5.5096329e-15
   7.6425293e+01  -3.3265362e-14
   7.6487732e+01  -6.1094150e-14
   7.6550171e+01  -6.1533308e-14
   7.6612610e+01  -4.6997470e-14
   7.6675049e+01  -3.7075093e-14
   7.6737488e+01  -3.4470513e-14
   7.6799927e+01  -3.6989815e-14
   7.6862366e+01  -3.9842594e-14
   7.6924805e+01  -4.2873112e-14
   7.6987244e+01  -4.3251375e-14
   7.7049683e+01  -4.4623904e-14
   7.7112122e+01  -4.8647589e-14
   7.7174561e+01  -5.5049502e-14
   7.7237000e+01  -5.4562968e-14
   7.7299438e+01  -4.6674080e-14
   7.7361877e+01  -3.8758391e-14
   7.7424316e+01  -4.2116639e-14
   7.7486755e+01  -5.3351262e-14
   7.7549194e+01  -6.6366121e-14
   7.7611633e+01  -7.4776653e-14
   7.7674072e+01  -7.9081734e-14
   7.7736511e+01  -7.5923651e-14
   7.7798950e+01  -6.8002792e-14
   7.7861389e+01  -5.8473671e-14
   7.7923828e+01  -5.5139125e-14
   7.7986267e+01  -5.9943080e-14
   7.8048706e+01  -7.3781806e-14
   7.8111145e+01  -8.5970392e-14
   7.8173584e+01  -8.9259511e-14
   7.8236023e+01  -8.4655573e-14
   7.8298462e+01  -8.7203478e-14
   7.8360901e+01  -1.0288798e-13
   7.8423340e+01  -1.2507496e-13
   7.8485779e+01  -1.3060632e-13
   7.8548218e+01  -1.1301666e-13
   7.8610657e+01  -8.8842521e-14
   7.8673096e+01  -8.2990446e-14
   7.8735535e+01  -9.7034873e-14
   7.8797974e+01  -1.2333040e-13
   7.8860413e+01  -1.4898371e-13
   7.8922852e+01  -1.6892303e-13
   7.8985291e+01  -1.7900732e-13
   7.9047729e+01  -1.8322878e-13
   7.9110168e+01  -1.8136106e-13
   7.9172607e+01  -1.7926366e-13
   7.9235046e+01  -1.8178459e-13
   7.9297485e+01  -1.9562610e-13
   7.9359924e+01  -2.1394076e-13
   7.9422363e+01  -2.3173816e-13
   7.9484802e+01  -2.4811366e-13
   7.9547241e+01  -2.7356637e-13
   7.9609680e+01  -3.0888784e-13
   7.9672119e+01  -3.5170136e-13
   7.9734558e+01  -3.9435989e-13
   7.9796997e+01  -4.3761803e-13
   7.9859436e+01  -4.7847659e-13
   7.9921875e+01  -5.2042658e-13
   7.9984314e+01  -5.6887802e-13
   8.0046753e+01  -6.4496510e-13
   8.0109192e+01  -7.7958667e-13
   8.0171631e+01  -1.0238216e-12
   8.0234070e+01  -1.4241230e-12
   8.0296509e+01  -1.9534816e-12
   8.0358948e+01  -2.2613203e-12
   8.0421387e+01  -1.6734885e-12
   8.0483826e+01  -1.3128330e-13
   8.0546265e+01   1.2549121e-12
   8.0608704e+01   1.6529992e-12
   8.0671143e+01   1.4119620e-12
   8.0733582e+01   1.1211122e-12
   8.0796021e+01   9.4915890e-13
   8.0858459e+01   8.5755954e-13
   8.0920898e+01   7.9998223e-13
   8.0983337e+01   7.6227489e-13
   8.1045776e+01   7.3884369e-13
   8.1108215e+01   7.3238760e-13
   8.1170654e+01   7.3752863e-13
   8.1233093e+01   7.5383040e-13
   8.1295532e+01   7.7535097e-13
   8.1357971e+01   7.9662899e-13
   8.1420410e+01   8.0455938e-13
   8.1482849e+01   8.0287989e-13
   8.1545288e+01   8.0222500e-13
   8.1607727e+01   8.1476458e-13
   8.1670166e+01   8.3465881e-13
   8.1732605e+01   8.6870428e-13
   8.1795044e+01   9.7322472e-13
   8.1857483e+01   1.3421799e-12
   8.1919922e+01   2.1958195e-12
   8.1982361e+01   3.2238090e-12
   8.2044800e+01   3.4134540e-12
   8.2107239e+01   2.3903928e-12
   8.2169678e+01   1.0715354e-12
   8.2232117e+01   2.9114558e-13
   8.2294556e+01   2.3608013e-14
   8.2356995e+01  -2.1816006e-14
   8.2419434e+01  -1.8440426e-14
   8.2481873e+01  -2.7528551e-14
   8.2544312e+01  -5.8475839e-14
   8.2606750e+01  -8.7608309e-14
   8.2669189e+01  -1.0379751e-13
   8.2731628e+01  -1.0274360e-13
   8.2794067e+01  -8.9964031e-14
   8.2856506e+01  -6.6705760e-14
   8.2918945e+01  -4.5849453e-14
   8.2981384e+01  -3.4096467e-14
   8.3043823e+01  -3.9795941e-14
   8.3106262e+01  -5.8928671e-14
   8.3168701e+01  -8.7459328e-14
   8.3231140e+01  -1.1039642e-13
   8.3293579e+01  -1.2176685e-13
   8.3356018e+01  -1.1111929e-13
   8.3418457e+01  -7.6811409e-14
   8.3480896e+01  -2.8651900e-14
   8.3543335e+01  -9.5179691e-15
   8.3605774e+01  -4.1175133e-14
   8.3668213e+01  -9.6494544e-14
   8.3730652e+01  -1.2137302e-13
   8.3793091e+01  -1.0972342e-13
   8.3855530e+01  -8.3814620e-14
   8.3917969e+01  -6.8014494e-14
   8.3980408e+01  -6.1147190e-14
   8.4042847e+01  -6.2219199e-14
   8.4105286e+01  -6.4398757e-14
   8.4167725e+01  -6.8813833e-14
   8.4230164e+01  -7.0518594e-14
   8.4292603e+01  -7.5919358e-14
   8.4355042e+01  -8.3341084e-14
   8.4417480e+01  -9.0821553e-14
   8.4479919e+01  -8.5453458e-14
   8.4542358e+01  -7.2446838e-14
   8.4604797e+01  -6.1029273e-14
   8.4667236e+01  -6.3454036e-14
   8.4729675e+01  -7.1230844e-14
   8.4792114e+01  -8.0319013e-14
   8.4854553e+01  -8.3807427e-14
   8.4916992e+01  -8.4467205e-14
   8.4979431e+01  -7.6763483e-14
   8.5041870e+01  -6.6881942e-14
   8.5104309e+01  -5.6969732e-14
   8.5166748e+01  -5.6941639e-14
   8.5229187e+01  -6.5499959e-14
   8.5291626e+01  -8.2095218e-14
   8.5354065e+01  -8.9573570e-14
   8.5416504e+01  -8.3936520e-14
   8.5478943e+01  -6.9953784e-14
   8.5541382e+01  -6.8275730e-14
   8.5603821e+01  -8.0091083e-14
   8.5666260e+01  -9.4941751e-14
   8.5728699e+01  -8.6432551e-14
   8.5791138e+01  -5.8751617e-14
   8.5853577e+01  -3.2910171e-14
   8.5916016e+01  -3.2397786e-14
   8.5978455e+01  -5.0007632e-14
   8.6040894e+01  -7.7188269e-14
   8.6103333e+01  -9.7550658e-14
   8.6165771e+01  -1.0828933e-13
   8.6228210e+01  -1.0430812e-13
   8.6290649e+01  -9.2814453e-14
   8.6353088e+01  -7.2357514e-14
   8.6415527e+01  -5.3961886e-14
   8.6477966e+01  -4.2508683e-14
   8.6540405e+01  -4.5286285e-14
   8.6602844e+01  -4.9569109e-14
   8.6665283e+01  -5.2745234e-14
   8.6727722e+01  -5.4408254e-14
   8.6790161e+01  -6.7045864e-14
   8.6852600e+01  -8.4741795e-14
   8.6915039e+01  -1.0353742e-13
   8.6977478e+01  -1.1178433e-13
   8.7039917e+01  -1.1088073e-13
   8.7102356e+01  -9.2744739e-14
   8.7164795e+01  -6.1491234e-14
   8.7227234e+01  -1.9552617e-14
   8.7289673e+01   1.0215464e-14
   8.7352112e+01   6.2325391e-15
   8.7414551e+01  -4.8952711e-14
   8.7476990e+01  -1.1658150e-13
   8.7539429e+01  -1.4401064e-13
   8.7601868e+01  -1.1427198e-13
   8.7664307e+01  -7.3492165e-14
   8.7726746e+01  -5.2423687e-14
   8.7789185e+01  -5.6903330e-14
   8.7851624e+01  -6.2566676e-14
   8.7914062e+01  -6.0334108e-14
   8.7976501e+01  -4.8220777e-14
   8.8038940e+01  -4.2824200e-14
   8.8101379e+01  -4.4919597e-14
   8.8163818e+01  -5.8717685e-14
   8.8226257e+01  -7.3366282e-14
   8.8288696e+01  -8.6428325e-14
   8.8351135e+01  -8.8125693e-14
   8.8413574e+01  -8.4231214e-14
   8.8476013e+01  -7.0147063e-14
   8.8538452e+01  -5.4556273e-14
   8.8600891e+01  -4.2936216e-14
   8.8663330e+01  -5.0300889e-14
   8.8725769e+01  -6.4087227e-14
   8.8788208e+01  -7.2877983e-14
   8.8850647e+01  -6.6317201e-14
   8.8913086e+01  -6.0094293e-14
   8.8975525e+01  -5.6879460e-14
   8.9037964e+01  -6.0624165e-14
   8.9100403e+01  -6.0941976e-14
   8.9162842e+01  -6.2473226e-14
   8.9225281e+01  -6.0128856e-14
   8.9287720e+01  -6.0946477e-14
   8.9350159e+01  -6.3566040e-14
   8.9412598e+01  -7.6513173e-14
   8.9475037e+01  -8.4313381e-14
   8.9537476e+01  -7.5231309e-14
   8.9599915e+01  -4.3329509e-14
   8.9662354e+01  -2.2352528e-14
   8.9724792e+01  -2.8954443e-14
   8.9787231e+01  -5.8724112e-14
   8.9849670e+01  -8.1534829e-14
   8.9912109e+01  -9.2581629e-14
   8.9974548e+01  -8.6131038e-14
   9.0036987e+01  -7.0198294e-14
   9.0099426e+01  -4.4581669e-14
   9.0161865e+01  -2.6829020e-14
   9.0224304e+01  -2.0306371e-14
   9.0286743e+01  -3.4863921e-14
   9.0349182e+01  -6.1031989e-14
   9.0411621e+01  -9.4141966e-14
   9.0474060e+01  -1.1398779e-13
   9.0536499e+01  -1.1651343e-13
   9.0598938e+01  -8.5539125e-14
   9.0661377e+01  -2.5386533e-14
   9.0723816e+01   3.8037525e-14
   9.0786255e+01   3.9005728e-14
   9.0848694e+01  -2.9312877e-14
   9.0911133e+01  -1.0929049e-13
   9.0973572e+01  -1.3221736e-13
   9.1036011e+01  -1.0995669e-13
   9.1098450e+01  -7.4398141e-14
   9.1160889e+01  -5.3742739e-14
   9.1223328e+01  -4.1033373e-14
   9.1285767e+01  -3.8079659e-14
   9.1348206e+01  -3.5328162e-14
   9.1410645e+01  -3.7322405e-14
   9.1473083e+01  -3.7635997e-14
   9.1535522e+01  -4.7502987e-14
   9.1597961e+01  -6.0033510e-14
   9.1660400e+01  -7.2085835e-14
   9.1722839e+01  -6.6910799e-14
   9.1785278e+01  -5.7157101e-14
   9.1847717e+01  -5.0467110e-14
   9.1910156e+01  -5.8277135e-14
   9.1972595e+01  -6.5066723e-14
   9.2035034e+01  -7.0625393e-14
   9.2097473e+01  -6.6505400e-14
   9.2159912e+01  -5.9417579e-14
   9.2222351e+01  -4.2290378e-14
   9.2284790e+01  -2.7984512e-14
   9.2347229e+01  -1.7614704e-14
   9.2409668e+01  -2.5113720e-14
   9.2472107e+01  -4.4023532e-14
   9.2534546e+01  -7.1294879e-14
   9.2596985e+01  -8.1169650e-14
   9.2659424e+01  -7.5348979e-14
   9.2721863e+01  -6.0901125e-14
   9.2784302e+01  -6.2755770e-14
   9.2846741e+01  -7.3274502e-14
   9.2909180e+01  -7.9211862e-14
   9.2971619e+01  -5.3670227e-14
   9.3034058e+01  -1.6265443e-14
   9.3096497e+01   9.6831600e-15
   9.3158936e+01   1.7256829e-15
   9.3221375e+01  -2.4227919e-14
   9.3283813e+01  -6.0822098e-14
   9.3346252e+01  -8.6525413e-14
   9.3408691e+01  -1.0162530e-13
   9.3471130e+01  -9.7608084e-14
   9.3533569e+01  -8.4582314e-14
   9.3596008e+01  -5.8031322e-14
   9.3658447e+01  -3.5671964e-14
   9.3720886e+01  -2.0375981e-14
   9.3783325e+01  -2.0543066e-14
   9.3845764e+01  -1.7887727e-14
   9.3908203e+01  -1.7237168e-14
   9.3970642e+01  -1.9579770e-14
   9.4033081e+01  -4.0840136e-14
   9.4095520e+01  -6.7159414e-14
   9.4157959e+01  -9.5270265e-14
   9.4220398e+01  -1.0834021e-13
   9.4282837e+01  -1.0901513e-13
   9.4345276e+01  -8.2835894e-14
   9.4407715e+01  -3.8352544e-14
   9.4470154e+01   2.0289423e-14
   9.4532593e+01   5.4380527e-14
   9.4595032e+01   3.4160822e-14
   9.4657471e+01  -5.2231066e-14
   9.4719910e+01  -1.3010206e-13
   9.4782349e+01  -1.3776827e-13
   9.4844788e+01  -7.8886515e-14
   9.4907227e+01  -2.8266734e-14
   9.4969666e+01  -1.3083818e-14
   9.5032104e+01  -3.0935499e-14
   9.5094543e+01  -4.4515546e-14
   9.5156982e+01  -4.8355716e-14
   9.5219421e+01  -3.9526020e-14
   9.5281860e+01  -3.8653196e-14
   9.5344299e+01  -4.0861406e-14
   9.5406738e+01  -5.3533646e-14
   9.5469177e+01  -6.1172980e-14
   9.5531616e+01  -6.6286100e-14
   9.5594055e+01  -5.8047555e-14
   9.5656494e+01  -4.8357134e-14
   9.5718933e+01  -2.9267461e-14
   9.5781372e+01  -1.6782441e-14
   9.5843811e+01  -1.5399817e-14
   9.5906250e+01  -3.9905833e-14
   9.5968689e+01  -6.3615808e-14
   9.6031128e+01  -7.5553125e-14
   9.6093567e+01  -6.5655487e-14
   9.6156006e+01  -5.7408480e-14
   9.6218445e+01  -4.8112628e-14
   9.6280884e+01  -4.4819197e-14
   9.6343323e+01  -3.4844558e-14
   9.6405762e+01  -2.9943183e-14
   9.6468201e+01  -2.2288126e-14
   9.6530640e+01  -2.5198928e-14
   9.6593079e+01  -3.4341818e-14
   9.6655518e+01  -5.9132080e-14
   9.6717957e+01  -7.2283855e-14
   9.6780396e+01  -6.4635509e-14
   9.6842834e+01  -3.4070035e-14
   9.6905273e+01  -2.3769167e-14
   9.6967712e+01  -3.7468994e-14
   9.7030151e+01  -6.5902756e-14
   9.7092590e+01  -7.5936367e-14
   9.7155029e+01  -7.3340420e-14
   9.7217468e+01  -5.0973972e-14
   9.7279907e+01  -2.4148147e-14
   9.7342346e+01   7.2505748e-15
   9.7404785e+01   1.8270729e-14
   9.7467224e+01   1.0872171e-14
   9.7529663e+01  -2.6484467e-14
   9.7592102e+01  -7.4035404e-14
   9.7654541e+01  -1.2463632e-13
   9.7716980e+01  -1.4806729e-13
   9.7779419e+01  -1.3939948e-13
   9.7841858e+01  -7.2187491e-14
   9.7904297e+01   3.3343746e-14
   9.7966736e+01   1.1941243e-13
   9.8029175e+01   9.1660343e-14
   9.8091614e+01  -2.1879214e-14
   9.8154053e+01  -1.2240277e-13
   9.8216492e+01  -1.3343889e-13
   9.8278931e+01  -9.7582804e-14
   9.8341370e+01  -5.6045146e-14
   9.8403809e+01  -3.9622784e-14
   9.8466248e+01  -3.1033461e-14
   9.8528687e+01  -3.4049764e-14
   9.8591125e+01  -3.1823537e-14
   9.8653564e+01  -3.2960339e-14
   9.8716003e+01  -2.8228860e-14
   9.8778442e+01  -3.5930503e-14
   9.8840881e+01  -4.2414831e-14
   9.8903320e+01  -4.7640215e-14
   9.8965759e+01  -3.3824480e-14
   9.9028198e+01  -2.5813320e-14
   9.9090637e+01  -2.6744029e-14
   9.9153076e+01  -4.7278896e-14
   9.9215515e+01  -6.2231799e-14
   9.9277954e+01  -7.5752887e-14
   9.9340393e+01  -7.2977975e-14
   9.9402832e+01  -6.4114760e-14
   9.9465271e+01  -3.8046865e-14
   9.9527710e+01  -1.6387459e-14
   9.9590149e+01   1.9419349e-15
   9.9652588e+01  -4.6748427e-15
   9.9715027e+01  -2.3518041e-14
   9.9777466e+01  -5.1630853e-14
   9.9839905e+01  -5.6073792e-14
   9.9902344e+01  -5.0565852e-14
   9.9964783e+01  -4.2687670e-14
   1.0002722e+02  -6.0087679e-14
   1.0008966e+02  -7.9703864e-14
   1.0015210e+02  -8.5703444e-14
   1.0021454e+02  -5.0181416e-14
   1.0027698e+02  -9.4129302e-15
   1.0033942e+02   1.7117405e-14
   1.0040186e+02   6.9604186e-15
   1.0046429e+02  -1.5528336e-14
   1.0052673e+02  -4.8989159e-14
   1.0058917e+02  -6.7522455e-14
   1.0065161e+02  -7.9716554e-14
   1.0071405e+02  -7.2970637e-14
   1.0077649e+02  -6.2702695e-14
   1.0083893e+02  -3.9221177e-14
   1.0090137e+02  -2.7571362e-14
   1.0096381e+02  -2.2071703e-14
   1.0102625e+02  -3.0030444e-14
   1.0108868e+02  -2.4324210e-14
   1.0115112e+02  -2.0426376e-14
   1.0121356e+02  -1.8259038e-14
   1.0127600e+02  -3.9041246e-14
   1.0133844e+02  -6.0558292e-14
   1.0140088e+02  -8.5921808e-14
   1.0146332e+02  -9.3136775e-14
   1.0152576e+02  -8.9145885e-14
   1.0158820e+02  -5.1294500e-14
   1.0165063e+02   4.2879605e-15
   1.0171307e+02   7.1031454e-14
   1.0177551e+02   8.5895308e-14
   1.0183795e+02   1.5427196e-14
   1.0190039e+02  -1.2745343e-13
   1.0196283e+02  -2.0974216e-13
   1.0202527e+02  -1.7220086e-13
   1.0208771e+02  -5.8098571e-14
   1.0215015e+02   1.9102251e-14
   1.0221259e+02   4.0923632e-14
   1.0227502e+02   1.7224640e-14
   1.0233746e+02  -1.3080133e-15
   1.0239990e+02  -1.7714383e-14
   1.0246234e+02  -2.4529620e-14
   1.0252478e+02  -4.5608618e-14
   1.0258722e+02  -6.4491561e-14
   1.0264966e+02  -9.0486260e-14
   1.0271210e+02  -9.7612829e-14
   1.0277454e+02  -9.4824009e-14
   1.0283698e+02  -6.7881980e-14
   1.0289941e+02  -3.8364970e-14
   1.0296185e+02   3.9314827e-15
   1.0302429e+02   2.7418016e-14
   1.0308673e+02   2.8370712e-14
   1.0314917e+02  -9.4239004e-15
   1.0321161e+02  -4.2718132e-14
   1.0327405e+02  -6.6387115e-14
   1.0333649e+02  -6.7834741e-14
   1.0339893e+02  -7.6477943e-14
   1.0346136e+02  -7.6314786e-14
   1.0352380e+02  -7.7059872e-14
   1.0358624e+02  -5.9215732e-14
   1.0364868e+02  -4.3395333e-14
   1.0371112e+02  -1.7358807e-14
   1.0377356e+02  -6.9343193e-15
   1.0383600e+02  -5.1421610e-15
   1.0389844e+02  -2.7019377e-14
   1.0396088e+02  -3.3751621e-14
   1.0402332e+02  -2.7273343e-14
   1.0408575e+02  -8.7659297e-15
   1.0414819e+02  -2.8113557e-14
   1.0421063e+02  -6.6255744e-14
   1.0427307e+02  -1.0963575e-13
   1.0433551e+02  -1.1763643e-13
   1.0439795e+02  -1.0616913e-13
   1.0446039e+02  -6.1778973e-14
   1.0452283e+02  -1.2073272e-14
   1.0458527e+02   4.2371607e-14
   1.0464771e+02   6.2493609e-14
   1.0471014e+02   5.4457077e-14
   1.0477258e+02  -1.2708014e-15
   1.0483502e+02  -7.2326163e-14
   1.0489746e+02  -1.5114293e-13
   1.0495990e+02  -1.8986262e-13
   1.0502234e+02  -1.7593936e-13
   1.0508478e+02  -6.4069396e-14
   1.0514722e+02   9.1214530e-14
   1.0520966e+02   1.7887095e-13
   1.0527209e+02   8.0430078e-14
   1.0533453e+02  -9.8030146e-14
   1.0539697e+02  -2.0196887e-13
   1.0545941e+02  -1.6261328e-13
   1.0552185e+02  -7.8120219e-14
   1.0558429e+02  -4.5073171e-15
   1.0564673e+02   1.8817268e-14
   1.0570917e+02   2.1804308e-14
   1.0577161e+02  -2.9240208e-15
   1.0583405e+02  -2.3635011e-14
   1.0589648e+02  -5.1788556e-14
   1.0595892e+02  -6.6723069e-14
   1.0602136e+02  -9.0776231e-14
   1.0608380e+02  -9.4826106e-14
   1.0614624e+02  -8.5283104e-14
   1.0620868e+02  -4.4161815e-14
   1.0627112e+02  -1.6009118e-14
   1.0633356e+02   1.2593211e-15
   1.0639600e+02  -1.0609970e-14
   1.0645844e+02  -1.9246095e-14
   1.0652087e+02  -4.0179503e-14
   1.0658331e+02  -4.8112212e-14
   1.0664575e+02  -5.8316678e-14
   1.0670819e+02  -4.8486886e-14
   1.0677063e+02  -4.7219690e-14
   1.0683307e+02  -4.1828586e-14
   1.0689551e+02  -6.0382120e-14
   1.0695795e+02  -7.5425545e-14
   1.0702039e+02  -8.6956891e-14
   1.0708282e+02  -5.7398677e-14
   1.0714526e+02  -2.4972469e-14
   1.0720770e+02   7.6285448e-16
   1.0727014e+02  -1.7002401e-14
   1.0733258e+02  -3.7699000e-14
   1.0739502e+02  -5.0412833e-14
   1.0745746e+02  -2.4948096e-14
   1.0751990e+02  -1.3121526e-14
   1.0758234e+02  -1.6775284e-14
   1.0764478e+02  -5.5176297e-14
   1.0770721e+02  -8.6732588e-14
   1.0776965e+02  -1.1695526e-13
   1.0783209e+02  -1.1176559e-13
   1.0789453e+02  -9.5728705e-14
   1.0795697e+02  -5.3069202e-14
   1.0801941e+02  -1.5715335e-14
   1.0808185e+02   2.7384518e-14
   1.0814429e+02   3.4714814e-14
   1.0820673e+02   2.4867652e-14
   1.0826917e+02  -1.0615035e-14
   1.0833160e+02  -2.9737487e-14
   1.0839404e+02  -5.8619942e-14
   1.0845648e+02  -8.3228901e-14
   1.0851892e+02  -1.2591647e-13
   1.0858136e+02  -1.4704027e-13
   1.0864380e+02  -1.5942040e-13
   1.0870624e+02  -1.3211440e-13
   1.0876868e+02  -8.4055322e-14
   1.0883112e+02   1.3402568e-14
   1.0889355e+02   1.2116107e-13
   1.0895599e+02   2.1656084e-13
   1.0901843e+02   1.8705994e-13
   1.0908087e+02   5.4952707e-15
   1.0914331e+02  -2.5154985e-13
   1.0920575e+02  -3.5542514e-13
   1.0926819e+02  -2.6994651e-13
   1.0933063e+02  -9.8981581e-14
   1.0939307e+02  -5.7510125e-17
   1.0945551e+02   3.3546764e-14
   1.0951794e+02   1.9977721e-14
   1.0958038e+02   2.4439539e-14
   1.0964282e+02   2.3012390e-14
   1.0970526e+02   2.6379411e-14
   1.0976770e+02  -3.1171705e-15
   1.0983014e+02  -3.6506506e-14
   1.0989258e+02  -9.0465339e-14
   1.0995502e+02  -1.2081074e-13
   1.1001746e+02  -1.4353593e-13
   1.1007990e+02  -1.2849717e-13
   1.1014233e+02  -1.0426224e-13
   1.1020477e+02  -4.9108881e-14
   1.1026721e+02  -1.4522424e-14
   1.1032965e+02   3.6952374e-15
   1.1039209e+02  -1.7072130e-14
   1.1045453e+02  -1.9035760e-14
   1.1051697e+02  -2.0602936e-14
   1.1057941e+02  -9.7683581e-15
   1.1064185e+02  -3.0591801e-14
   1.1070428e+02  -4.8964311e-14
   1.1076672e+02  -8.1466547e-14
   1.1082916e+02  -9.1009020e-14
   1.1089160e+02  -1.0432681e-13
   1.1095404e+02  -9.1018033e-14
   1.1101648e+02  -8.8602909e-14
   1.1107892e+02  -7.6022704e-14
   1.1114136e+02  -7.7065803e-14
   1.1120380e+02  -4.0421065e-14
   1.1126624e+02   3.2977446e-15
   1.1132867e+02   4.6194629e-14
   1.1139111e+02   2.2521776e-14
   1.1145355e+02  -2.3974572e-14
   1.1151599e+02  -8.7399243e-14
   1.1157843e+02  -1.1420446e-13
   1.1164087e+02  -1.3038082e-13
   1.1170331e+02  -1.0200688e-13
   1.1176575e+02  -6.7995761e-14
   1.1182819e+02  -1.6082591e-14
   1.1189062e+02  -2.8461517e-16
   1.1195306e+02  -2.6254087e-15
   1.1201550e+02  -5.8898677e-14
   1.1207794e+02  -1.2169206e-13
   1.1214038e+02  -1.9419621e-13
   1.1220282e+02  -2.0302022e-13
   1.1226526e+02  -1.2617218e-13
   1.1232770e+02   9.7835652e-14
   1.1239014e+02   3.1977195e-13
   1.1245258e+02   3.2826288e-13
   1.1251501e+02   1.0284798e-14
   1.1257745e+02  -3.4267431e-13
   1.1263989e+02  -4.8099871e-13
   1.1270233e+02  -3.6239684e-13
   1.1276477e+02  -1.8026500e-13
   1.1282721e+02  -1.2643998e-14
   1.1288965e+02   7.7876754e-14
   1.1295209e+02   1.3248759e-13
   1.1301453e+02   1.2456264e-13
   1.1307697e+02   1.0062050e-13
   1.1313940e+02   3.4061615e-14
   1.1320184e+02  -3.4662148e-14
   1.1326428e+02  -1.3070181e-13
   1.1332672e+02  -1.8983505e-13
   1.1338916e+02  -2.2181480e-13
   1.1345160e+02  -1.9154302e-13
   1.1351404e+02  -1.6083914e-13
   1.1357648e+02  -1.0842701e-13
   1.1363892e+02  -7.0666847e-14
   1.1370135e+02  -1.0465596e-14
   1.1376379e+02   2.4619513e-14
   1.1382623e+02   6.4762000e-14
   1.1388867e+02   6.8378774e-14
   1.1395111e+02   6.7970597e-14
   1.1401355e+02   1.8175011e-14
   1.1407599e+02  -4.3299754e-14
   1.1413843e+02  -1.4656782e-13
   1.1420087e+02  -2.2286528e-13
   1.1426331e+02  -2.6813040e-13
   1.1432574e+02  -2.2462331e-13
   1.1438818e+02  -1.6014682e-13
   1.1445062e+02  -7.6571479e-14
   1.1451306e+02  -3.3064589e-14
   1.1457550e+02   2.4542087e-14
   1.1463794e+02   7.3044434e-14
   1.1470038e+02   1.3454869e-13
   1.1476282e+02   1.2467731e-13
   1.1482526e+02   6.8014088e-14
   1.1488770e+02  -5.6272777e-14
   1.1495013e+02  -1.6920437e-13
   1.1501257e+02  -2.7595296e-13
   1.1507501e+02  -3.0829276e-13
   1.1513745e+02  -3.0154276e-13
   1.1519989e+02  -2.1800545e-13
   1.1526233e+02  -1.1582157e-13
   1.1532477e+02   1.7515629e-14
   1.1538721e+02   1.0063511e-13
   1.1544965e+02   1.5893467e-13
   1.1551208e+02   1.5441775e-13
   1.1557452e+02   1.3621869e-13
   1.1563696e+02   4.9907651e-14
   1.1569940e+02  -6.1311495e-14
   1.1576184e+02  -2.1714177e-13
   1.1582428e+02  -3.3167557e-13
   1.1588672e+02  -4.1548970e-13
   1.1594916e+02  -3.9551996e-13
   1.1601160e+02  -2.9621944e-13
   1.1607404e+02  -6.8023551e-14
   1.1613647e+02   1.9909420e-13
   1.1619891e+02   4.2734940e-13
   1.1626135e+02   3.8529176e-13
   1.1632379e+02   6.7573627e-14
   1.1638623e+02  -3.1855542e-13
   1.1644867e+02  -4.0212167e-13
   1.1651111e+02  -2.4040568e-13
   1.1657355e+02  -4.4627410e-14
   1.1663599e+02  -2.0546317e-14
   1.1669843e+02  -8.2709679e-14
   1.1676086e+02  -1.7821027e-13
   1.1682330e+02  -1.9337038e-13
   1.1688574e+02  -1.7481751e-13
   1.1694818e+02  -9.8100706e-14
   1.1701062e+02  -4.0594570e-14
   1.1707306e+02   2.8409758e-14
   1.1713550e+02   4.7011765e-14
   1.1719794e+02   6.5373598e-14
   1.1726038e+02   3.0763160e-14
   1.1732281e+02  -2.4323468e-15
   1.1738525e+02  -7.4414015e-14
   1.1744769e+02  -1.2304029e-13
   1.1751013e+02  -2.0742227e-13
   1.1757257e+02  -2.7008122e-13
   1.1763501e+02  -3.2579882e-13
   1.1769745e+02  -2.7935334e-13
   1.1775989e+02  -1.9135533e-13
   1.1782233e+02  -5.0907902e-14
   1.1788477e+02   4.7544722e-14
   1.1794720e+02   1.4028012e-13
   1.1800964e+02   1.6024453e-13
   1.1807208e+02   1.5498898e-13
   1.1813452e+02   6.9849816e-14
   1.1819696e+02  -2.6642554e-14
   1.1825940e+02  -1.7766097e-13
   1.1832184e+02  -3.0110500e-13
   1.1838428e+02  -4.0869034e-13
   1.1844672e+02  -3.9590789e-13
   1.1850916e+02  -3.2369969e-13
   1.1857159e+02  -1.8687777e-13
   1.1863403e+02  -8.9205851e-14
   1.1869647e+02   2.6452066e-14
   1.1875891e+02   1.0403214e-13
   1.1882135e+02   1.8868699e-13
   1.1888379e+02   2.0119442e-13
   1.1894623e+02   1.9560390e-13
   1.1900867e+02   1.0548862e-13
   1.1907111e+02  -9.6839863e-15
   1.1913354e+02  -2.0352104e-13
   1.1919598e+02  -3.9186186e-13
   1.1925842e+02  -6.0450902e-13
   1.1932086e+02  -7.2818603e-13
   1.1938330e+02  -7.6255921e-13
   1.1944574e+02  -5.5211441e-13
   1.1950818e+02  -5.4594529e-14
   1.1957062e+02   7.4339076e-13
   1.1963306e+02   1.3200011e-12
   1.1969550e+02   1.1476696e-12
   1.1975793e+02   2.0894795e-13
   1.1982037e+02  -6.7590920e-13
   1.1988281e+02  -1.0328984e-12
   1.1994525e+02  -9.0165040e-13
   1.2000769e+02  -6.7308149e-13
   1.2007013e+02  -4.3491082e-13
   1.2013257e+02  -2.6258893e-13
   1.2019501e+02  -6.2829918e-14
   1.2025745e+02   9.7687523e-14
   1.2031989e+02   2.7351211e-13
   1.2038232e+02   3.5971167e-13
   1.2044476e+02   3.9047034e-13
   1.2050720e+02   2.8113574e-13
   1.2056964e+02   1.3040794e-13
   1.2063208e+02  -9.6253273e-14
   1.2069452e+02  -3.0026161e-13
   1.2075696e+02  -5.3142866e-13
   1.2081940e+02  -6.6799774e-13
   1.2088184e+02  -7.3254108e-13
   1.2094427e+02  -6.2477276e-13
   1.2100671e+02  -4.3299527e-13
   1.2106915e+02  -1.1703433e-13
   1.2113159e+02   1.8653882e-13
   1.2119403e+02   4.7856168e-13
   1.2125647e+02   6.0555959e-13
   1.2131891e+02   5.9571919e-13
   1.2138135e+02   3.6334377e-13
   1.2144379e+02   4.6621309e-14
   1.2150623e+02  -3.3669096e-13
   1.2156866e+02  -6.2696473e-13
   1.2163110e+02  -8.6786975e-13
   1.2169354e+02  -9.4790518e-13
   1.2175598e+02  -9.1207181e-13
   1.2181842e+02  -6.4475994e-13
   1.2188086e+02  -2.5270121e-13
   1.2194330e+02   2.4362260e-13
   1.2200574e+02   6.1961280e-13
   1.2206818e+02   8.5932003e-13
   1.2213062e+02   8.2913262e-13
   1.2219305e+02   6.1973491e-13
   1.2225549e+02   1.9235909e-13
   1.2231793e+02  -2.8127857e-13
   1.2238037e+02  -7.8897537e-13
   1.2244281e+02  -1.1315799e-12
   1.2250525e+02  -1.3111274e-12
   1.2256769e+02  -1.1989793e-12
   1.2263013e+02  -9.0216039e-13
   1.2269257e+02  -3.7482001e-13
   1.2275500e+02   2.0691711e-13
   1.2281744e+02   8.0332029e-13
   1.2287988e+02   1.1607328e-12
   1.2294232e+02   1.2571424e-12
   1.2300476e+02   9.6210931e-13
   1.2306720e+02   4.2231957e-13
   1.2312964e+02  -3.3915189e-13
   1.2319208e+02  -1.0387083e-12
   1.2325452e+02  -1.5562702e-12
   1.2331696e+02  -1.6105050e-12
   1.2337939e+02  -1.2821545e-12
   1.2344183e+02  -7.3569726e-13
   1.2350427e+02  -4.9374151e-13
   1.2356671e+02  -4.7580869e-13
   1.2362915e+02  -2.0132119e-13
   1.2369159e+02   7.9945262e-13
   1.2375403e+02   1.9047056e-12
   1.2381647e+02   2.4276994e-12
   1.2387891e+02   1.9688111e-12
   1.2394135e+02   8.5160362e-13
   1.2400378e+02  -6.3633777e-13
   1.2406622e+02  -2.0031699e-12
   1.2412866e+02  -3.0470070e-12
   1.2419110e+02  -3.4237447e-12
   1.2425354e+02  -3.1236866e-12
   1.2431598e+02  -2.0567476e-12
   1.2437842e+02  -5.1421742e-13
   1.2444086e+02   1.3070816e-12
   1.2450330e+02   2.8924875e-12
   1.2456573e+02   3.9643565e-12
   1.2462817e+02   4.1076595e-12
   1.2469061e+02   3.2999419e-12
   1.2475305e+02   1.4838238e-12
   1.2481549e+02  -9.0616389e-13
   1.2487793e+02  -3.4570709e-12
   1.2494037e+02  -5.4398121e-12
   1.2500281e+02  -6.4640000e-12
   1.2506525e+02  -6.0781075e-12
   1.2512769e+02  -4.3265497e-12
   1.2519012e+02  -1.3032600e-12
   1.2525256e+02   2.3315479e-12
   1.2531500e+02   5.9368409e-12
   1.2537744e+02   8.5271264e-12
   1.2543988e+02   9.4646700e-12
   1.2550232e+02   8.1228570e-12
   1.2556476e+02   4.5814088e-12
   1.2562720e+02  -8.0899275e-13
   1.2568964e+02  -6.9454360e-12
   1.2575208e+02  -1.2676678e-11
   1.2581451e+02  -1.6460007e-11
   1.2587695e+02  -1.7120778e-11
   1.2593939e+02  -1.3611447e-11
   1.2600183e+02  -5.8926471e-12
   1.2606427e+02   5.4035088e-12
   1.2612671e+02   1.8363615e-11
   1.2618915e+02   3.0424773e-11
   1.2625159e+02   3.8014416e-11
   1.2631403e+02   3.7466121e-11
   1.2637646e+02   2.4948404e-11
   1.2643890e+02  -2.2112969e-12
   1.2650134e+02  -4.4567679e-11
   1.2656378e+02  -9.6255231e-11
   1.2662622e+02  -1.3741167e-10
   1.2668866e+02  -1.2427164e-10
   1.2675110e+02  -5.9537407e-12
   1.2681354e+02   1.9765776e-10
   1.2687598e+02   3.2777369e-10
   1.2693842e+02   2.2133126e-10
   1.2700085e+02  -5.1865491e-11
   1.2706329e+02  -2.5251947e-10
   1.2712573e+02  -2.6341330e-10
   1.2718817e+02  -1.5328666e-10
   1.2725061e+02  -2.6895791e-11
   1.2731305e+02   6.4902817e-11
   1.2737549e+02   1.1316078e-10
   1.2743793e+02   1.2394437e-10
   1.2750037e+02   1.0598065e-10
   1.2756281e+02   6.8767026e-11
   1.2762524e+02   2.1698361e-11
   1.2768768e+02  -2.5725100e-11
   1.2775012e+02  -6.5139142e-11
   1.2781256e+02  -8.9666585e-11
