  136  611    2
  136  614    2
  136  617    2
  136  620    2
  136  623    2
  136  626    2
  136  629    2
  136  632    2
  136  635    2
  136  638    2
  136  641    2
  136  644    2
  136  647    2
  136  650    2
  136  653    2
  136  656    2
  136  659    2
  136  662    2
  136  665    2
  136  668    2
  136  671    2
  136  674    2
  136  677    2
  136  680    2
  136  683    2
  136  686    2
  136  689    2
  136  692    2
  136  695    2
  136  698    2
  136  701    2
  136  704    2
  136  707    2
  136  710    2
  136  713    2
  136  716    2
  136  719    2
  136  722    2
  136  725    2
  136  728    2
  136  731    2
  136  734    2
  136  737    2
  136  740    2
  136  743    2
  136  746    2
  136  749    2
  136  752    2
  136  755    2
  136  758    2
  136  761    2
  136  764    2
  136  767    2
  136  770    2
  136  773    2
  136  776    2
  136  779    2
  136  782    2
  136  785    2
  136  788    2
  136  791    2
  139  611    3
  139  614    3
  139  617    3
  139  620    3
  139  623    3
  139  626    3
  139  629    3
  139  632    3
  139  635    3
  139  638    3
  139  641    3
  139  644    3
  139  647    3
  139  650    3
  139  653    3
  139  656    3
  139  659    3
  139  662    3
  139  665    3
  139  668    3
  139  671    3
  139  674    3
  139  677    3
  139  680    3
  139  683    3
  139  686    3
  139  689    3
  139  692    3
  139  695    3
  139  698    3
  139  701    3
  139  704    3
  139  707    3
  139  710    3
  139  713    3
  139  716    3
  139  719    3
  139  722    3
  139  725    3
  139  728    3
  139  731    3
  139  734    3
  139  737    3
  139  740    3
  139  743    3
  139  746    3
  139  749    3
  139  752    3
  139  755    3
  139  758    3
  139  761    3
  139  764    3
  139  767    3
  139  770    3
  139  773    3
  139  776    3
  139  779    3
  139  782    3
  139  785    3
  139  788    3
  139  791    3
  142  611    3
  142  614    3
  142  617    3
  142  620    3
  142  623    3
  142  626    3
  142  629    3
  142  632    3
  142  635    3
  142  638    3
  142  641    3
  142  644    3
  142  647    3
  142  650    3
  142  653    3
  142  656    3
  142  659    3
  142  662    3
  142  665    3
  142  668    3
  142  671    3
  142  674    3
  142  677    3
  142  680    3
  142  683    3
  142  686    3
  142  689    3
  142  692    3
  142  695    3
  142  698    3
  142  701    3
  142  704    3
  142  707    3
  142  710    3
  142  713    3
  142  716    3
  142  719    3
  142  722    3
  142  725    3
  142  728    3
  142  731    3
  142  734    3
  142  737    3
  142  740    3
  142  743    3
  142  746    3
  142  749    3
  142  752    3
  142  755    3
  142  758    3
  142  761    3
  142  764    3
  142  767    3
  142  770    3
  142  773    3
  142  776    3
  142  779    3
  142  782    3
  142  785    3
  142  788    3
  142  791    3
  145  611    4
  145  614    4
  145  617    4
  145  620    4
  145  623    4
  145  626    4
  145  629    4
  145  632    4
  145  635    4
  145  638    4
  145  641    4
  145  644    4
  145  647    4
  145  650    4
  145  653    4
  145  656    4
  145  659    4
  145  662    4
  145  665    4
  145  668    4
  145  671    4
  145  674    4
  145  677    4
  145  680    4
  145  683    4
  145  686    4
  145  689    4
  145  692    4
  145  695    4
  145  698    4
  145  701    4
  145  704    4
  145  707    4
  145  710    4
  145  713    4
  145  716    4
  145  719    4
  145  722    4
  145  725    4
  145  728    4
  145  731    4
  145  734    4
  145  737    4
  145  740    4
  145  743    4
  145  746    4
  145  749    4
  145  752    4
  145  755    4
  145  758    4
  145  761    4
  145  764    4
  145  767    4
  145  770    4
  145  773    4
  145  776    4
  145  779    4
  145  782    4
  145  785    4
  145  788    4
  145  791    4
  148  611    5
  148  614    5
  148  617    5
  148  620    5
  148  623    5
  148  626    5
  148  629    5
  148  632    5
  148  635    5
  148  638    5
  148  641    5
  148  644    5
  148  647    5
  148  650    5
  148  653    5
  148  656    5
  148  659    5
  148  662    5
  148  665    5
  148  668    5
  148  671    5
  148  674    5
  148  677    5
  148  680    5
  148  683    5
  148  686    5
  148  689    5
  148  692    5
  148  695    5
  148  698    5
  148  701    5
  148  704    5
  148  707    5
  148  710    5
  148  713    5
  148  716    5
  148  719    5
  148  722    5
  148  725    5
  148  728    5
  148  731    5
  148  734    5
  148  737    5
  148  740    5
  148  743    5
  148  746    5
  148  749    5
  148  752    5
  148  755    5
  148  758    5
  148  761    5
  148  764    5
  148  767    5
  148  770    5
  148  773    5
  148  776    5
  148  779    5
  148  782    5
  148  785    5
  148  788    5
  148  791    5
  151  611    5
  151  614    5
  151  617    5
  151  620    5
  151  623    5
  151  626    5
  151  629    5
  151  632    5
  151  635    5
  151  638    5
  151  641    5
  151  644    5
  151  647    5
  151  650    5
  151  653    5
  151  656    5
  151  659    5
  151  662    5
  151  665    5
  151  668    5
  151  671    5
  151  674    5
  151  677    5
  151  680    5
  151  683    5
  151  686    5
  151  689    5
  151  692    5
  151  695    5
  151  698    5
  151  701    5
  151  704    5
  151  707    5
  151  710    5
  151  713    5
  151  716    5
  151  719    5
  151  722    5
  151  725    5
  151  728    5
  151  731    5
  151  734    5
  151  737    5
  151  740    5
  151  743    5
  151  746    5
  151  749    5
  151  752    5
  151  755    5
  151  758    5
  151  761    5
  151  764    5
  151  767    5
  151  770    5
  151  773    5
  151  776    5
  151  779    5
  151  782    5
  151  785    5
  151  788    5
  151  791    5
  154  611    6
  154  614    6
  154  617    6
  154  620    6
  154  623    6
  154  626    6
  154  629    6
  154  632    6
  154  635    6
  154  638    6
  154  641    6
  154  644    6
  154  647    6
  154  650    6
  154  653    6
  154  656    6
  154  659    6
  154  662    6
  154  665    6
  154  668    6
  154  671    6
  154  674    6
  154  677    6
  154  680    6
  154  683    6
  154  686    6
  154  689    6
  154  692    6
  154  695    6
  154  698    6
  154  701    6
  154  704    6
  154  707    6
  154  710    6
  154  713    6
  154  716    6
  154  719    6
  154  722    6
  154  725    6
  154  728    6
  154  731    6
  154  734    6
  154  737    6
  154  740    6
  154  743    6
  154  746    6
  154  749    6
  154  752    6
  154  755    6
  154  758    6
  154  761    6
  154  764    6
  154  767    6
  154  770    6
  154  773    6
  154  776    6
  154  779    6
  154  782    6
  154  785    6
  154  788    6
  154  791    6
  157  611    7
  157  614    7
  157  617    7
  157  620    7
  157  623    7
  157  626    7
  157  629    7
  157  632    7
  157  635    7
  157  638    7
  157  641    7
  157  644    7
  157  647    7
  157  650    7
  157  653    7
  157  656    7
  157  659    7
  157  662    7
  157  665    7
  157  668    7
  157  671    7
  157  674    7
  157  677    7
  157  680    7
  157  683    7
  157  686    7
  157  689    7
  157  692    7
  157  695    7
  157  698    7
  157  701    7
  157  704    7
  157  707    7
  157  710    7
  157  713    7
  157  716    7
  157  719    7
  157  722    7
  157  725    7
  157  728    7
  157  731    7
  157  734    7
  157  737    7
  157  740    7
  157  743    7
  157  746    7
  157  749    7
  157  752    7
  157  755    7
  157  758    7
  157  761    7
  157  764    7
  157  767    7
  157  770    7
  157  773    7
  157  776    7
  157  779    7
  157  782    7
  157  785    7
  157  788    7
  157  791    7
  160  611    8
  160  614    8
  160  617    8
  160  620    8
  160  623    8
  160  626    8
  160  629    8
  160  632    8
  160  635    8
  160  638    8
  160  641    8
  160  644    8
  160  647    8
  160  650    8
  160  653    8
  160  656    8
  160  659    8
  160  662    8
  160  665    8
  160  668    8
  160  671    8
  160  674    8
  160  677    8
  160  680    8
  160  683    8
  160  686    8
  160  689    8
  160  692    8
  160  695    8
  160  698    8
  160  701    8
  160  704    8
  160  707    8
  160  710    8
  160  713    8
  160  716    8
  160  719    8
  160  722    8
  160  725    8
  160  728    8
  160  731    8
  160  734    8
  160  737    8
  160  740    8
  160  743    8
  160  746    8
  160  749    8
  160  752    8
  160  755    8
  160  758    8
  160  761    8
  160  764    8
  160  767    8
  160  770    8
  160  773    8
  160  776    8
  160  779    8
  160  782    8
  160  785    8
  160  788    8
  160  791    8
  163  611    8
  163  614    8
  163  617    8
  163  620    8
  163  623    8
  163  626    8
  163  629    8
  163  632    8
  163  635    8
  163  638    8
  163  641    8
  163  644    8
  163  647    8
  163  650    8
  163  653    8
  163  656    8
  163  659    8
  163  662    8
  163  665    8
  163  668    8
  163  671    8
  163  674    8
  163  677    8
  163  680    8
  163  683    8
  163  686    8
  163  689    8
  163  692    8
  163  695    8
  163  698    8
  163  701    8
  163  704    8
  163  707    8
  163  710    8
  163  713    8
  163  716    8
  163  719    8
  163  722    8
  163  725    8
  163  728    8
  163  731    8
  163  734    8
  163  737    8
  163  740    8
  163  743    8
  163  746    8
  163  749    8
  163  752    8
  163  755    8
  163  758    8
  163  761    8
  163  764    8
  163  767    8
  163  770    8
  163  773    8
  163  776    8
  163  779    8
  163  782    8
  163  785    8
  163  788    8
  163  791    8
  166  611    9
  166  614    9
  166  617    9
  166  620    9
  166  623    9
  166  626    9
  166  629    9
  166  632    9
  166  635    9
  166  638    9
  166  641    9
  166  644    9
  166  647    9
  166  650    9
  166  653    9
  166  656    9
  166  659    9
  166  662    9
  166  665    9
  166  668    9
  166  671    9
  166  674    9
  166  677    9
  166  680    9
  166  683    9
  166  686    9
  166  689    9
  166  692    9
  166  695    9
  166  698    9
  166  701    9
  166  704    9
  166  707    9
  166  710    9
  166  713    9
  166  716    9
  166  719    9
  166  722    9
  166  725    9
  166  728    9
  166  731    9
  166  734    9
  166  737    9
  166  740    9
  166  743    9
  166  746    9
  166  749    9
  166  752    9
  166  755    9
  166  758    9
  166  761    9
  166  764    9
  166  767    9
  166  770    9
  166  773    9
  166  776    9
  166  779    9
  166  782    9
  166  785    9
  166  788    9
  166  791    9
  169  611   10
  169  614   10
  169  617   10
  169  620   10
  169  623   10
  169  626   10
  169  629   10
  169  632   10
  169  635   10
  169  638   10
  169  641   10
  169  644   10
  169  647   10
  169  650   10
  169  653   10
  169  656   10
  169  659   10
  169  662   10
  169  665   10
  169  668   10
  169  671   10
  169  674   10
  169  677   10
  169  680   10
  169  683   10
  169  686   10
  169  689   10
  169  692   10
  169  695   10
  169  698   10
  169  701   10
  169  704   10
  169  707   10
  169  710   10
  169  713   10
  169  716   10
  169  719   10
  169  722   10
  169  725   10
  169  728   10
  169  731   10
  169  734   10
  169  737   10
  169  740   10
  169  743   10
  169  746   10
  169  749   10
  169  752   10
  169  755   10
  169  758   10
  169  761   10
  169  764   10
  169  767   10
  169  770   10
  169  773   10
  169  776   10
  169  779   10
  169  782   10
  169  785   10
  169  788   10
  169  791   10
  172  611   10
  172  614   10
  172  617   10
  172  620   10
  172  623   10
  172  626   10
  172  629   10
  172  632   10
  172  635   10
  172  638   10
  172  641   10
  172  644   10
  172  647   10
  172  650   10
  172  653   10
  172  656   10
  172  659   10
  172  662   10
  172  665   10
  172  668   10
  172  671   10
  172  674   10
  172  677   10
  172  680   10
  172  683   10
  172  686   10
  172  689   10
  172  692   10
  172  695   10
  172  698   10
  172  701   10
  172  704   10
  172  707   10
  172  710   10
  172  713   10
  172  716   10
  172  719   10
  172  722   10
  172  725   10
  172  728   10
  172  731   10
  172  734   10
  172  737   10
  172  740   10
  172  743   10
  172  746   10
  172  749   10
  172  752   10
  172  755   10
  172  758   10
  172  761   10
  172  764   10
  172  767   10
  172  770   10
  172  773   10
  172  776   10
  172  779   10
  172  782   10
  172  785   10
  172  788   10
  172  791   10
  175  611   11
  175  614   11
  175  617   11
  175  620   11
  175  623   11
  175  626   11
  175  629   11
  175  632   11
  175  635   11
  175  638   11
  175  641   11
  175  644   11
  175  647   11
  175  650   11
  175  653   11
  175  656   11
  175  659   11
  175  662   11
  175  665   11
  175  668   11
  175  671   11
  175  674   11
  175  677   11
  175  680   11
  175  683   11
  175  686   11
  175  689   11
  175  692   11
  175  695   11
  175  698   11
  175  701   11
  175  704   11
  175  707   11
  175  710   11
  175  713   11
  175  716   11
  175  719   11
  175  722   11
  175  725   11
  175  728   11
  175  731   11
  175  734   11
  175  737   11
  175  740   11
  175  743   11
  175  746   11
  175  749   11
  175  752   11
  175  755   11
  175  758   11
  175  761   11
  175  764   11
  175  767   11
  175  770   11
  175  773   11
  175  776   11
  175  779   11
  175  782   11
  175  785   11
  175  788   11
  175  791   11
  178  611   12
  178  614   12
  178  617   12
  178  620   12
  178  623   12
  178  626   12
  178  629   12
  178  632   12
  178  635   12
  178  638   12
  178  641   12
  178  644   12
  178  647   12
  178  650   12
  178  653   12
  178  656   12
  178  659   12
  178  662   12
  178  665   12
  178  668   12
  178  671   12
  178  674   12
  178  677   12
  178  680   12
  178  683   12
  178  686   12
  178  689   12
  178  692   12
  178  695   12
  178  698   12
  178  701   12
  178  704   12
  178  707   12
  178  710   12
  178  713   12
  178  716   12
  178  719   12
  178  722   12
  178  725   12
  178  728   12
  178  731   12
  178  734   12
  178  737   12
  178  740   12
  178  743   12
  178  746   12
  178  749   12
  178  752   12
  178  755   12
  178  758   12
  178  761   12
  178  764   12
  178  767   12
  178  770   12
  178  773   12
  178  776   12
  178  779   12
  178  782   12
  178  785   12
  178  788   12
  178  791   12
  181  611   12
  181  614   12
  181  617   12
  181  620   12
  181  623   12
  181  626   12
  181  629   12
  181  632   12
  181  635   12
  181  638   12
  181  641   12
  181  644   12
  181  647   12
  181  650   12
  181  653   12
  181  656   12
  181  659   12
  181  662   12
  181  665   12
  181  668   12
  181  671   12
  181  674   12
  181  677   12
  181  680   12
  181  683   12
  181  686   12
  181  689   12
  181  692   12
  181  695   12
  181  698   12
  181  701   12
  181  704   12
  181  707   12
  181  710   12
  181  713   12
  181  716   12
  181  719   12
  181  722   12
  181  725   12
  181  728   12
  181  731   12
  181  734   12
  181  737   12
  181  740   12
  181  743   12
  181  746   12
  181  749   12
  181  752   12
  181  755   12
  181  758   12
  181  761   12
  181  764   12
  181  767   12
  181  770   12
  181  773   12
  181  776   12
  181  779   12
  181  782   12
  181  785   12
  181  788   12
  181  791   12
  184  611   13
  184  614   13
  184  617   13
  184  620   13
  184  623   13
  184  626   13
  184  629   13
  184  632   13
  184  635   13
  184  638   13
  184  641   13
  184  644   13
  184  647   13
  184  650   13
  184  653   13
  184  656   13
  184  659   13
  184  662   13
  184  665   13
  184  668   13
  184  671   13
  184  674   13
  184  677   13
  184  680   13
  184  683   13
  184  686   13
  184  689   13
  184  692   13
  184  695   13
  184  698   13
  184  701   13
  184  704   13
  184  707   13
  184  710   13
  184  713   13
  184  716   13
  184  719   13
  184  722   13
  184  725   13
  184  728   13
  184  731   13
  184  734   13
  184  737   13
  184  740   13
  184  743   13
  184  746   13
  184  749   13
  184  752   13
  184  755   13
  184  758   13
  184  761   13
  184  764   13
  184  767   13
  184  770   13
  184  773   13
  184  776   13
  184  779   13
  184  782   13
  184  785   13
  184  788   13
  184  791   13
  187  611   14
  187  614   14
  187  617   14
  187  620   14
  187  623   14
  187  626   14
  187  629   14
  187  632   14
  187  635   14
  187  638   14
  187  641   14
  187  644   14
  187  647   14
  187  650   14
  187  653   14
  187  656   14
  187  659   14
  187  662   14
  187  665   14
  187  668   14
  187  671   14
  187  674   14
  187  677   14
  187  680   14
  187  683   14
  187  686   14
  187  689   14
  187  692   14
  187  695   14
  187  698   14
  187  701   14
  187  704   14
  187  707   14
  187  710   14
  187  713   14
  187  716   14
  187  719   14
  187  722   14
  187  725   14
  187  728   14
  187  731   14
  187  734   14
  187  737   14
  187  740   14
  187  743   14
  187  746   14
  187  749   14
  187  752   14
  187  755   14
  187  758   14
  187  761   14
  187  764   14
  187  767   14
  187  770   14
  187  773   14
  187  776   14
  187  779   14
  187  782   14
  187  785   14
  187  788   14
  187  791   14
  190  611   14
  190  614   14
  190  617   14
  190  620   14
  190  623   14
  190  626   14
  190  629   14
  190  632   14
  190  635   14
  190  638   14
  190  641   14
  190  644   14
  190  647   14
  190  650   14
  190  653   14
  190  656   14
  190  659   14
  190  662   14
  190  665   14
  190  668   14
  190  671   14
  190  674   14
  190  677   14
  190  680   14
  190  683   14
  190  686   14
  190  689   14
  190  692   14
  190  695   14
  190  698   14
  190  701   14
  190  704   14
  190  707   14
  190  710   14
  190  713   14
  190  716   14
  190  719   14
  190  722   14
  190  725   14
  190  728   14
  190  731   14
  190  734   14
  190  737   14
  190  740   14
  190  743   14
  190  746   14
  190  749   14
  190  752   14
  190  755   14
  190  758   14
  190  761   14
  190  764   14
  190  767   14
  190  770   14
  190  773   14
  190  776   14
  190  779   14
  190  782   14
  190  785   14
  190  788   14
  190  791   14
  193  611   15
  193  614   15
  193  617   15
  193  620   15
  193  623   15
  193  626   15
  193  629   15
  193  632   15
  193  635   15
  193  638   15
  193  641   15
  193  644   15
  193  647   15
  193  650   15
  193  653   15
  193  656   15
  193  659   15
  193  662   15
  193  665   15
  193  668   15
  193  671   15
  193  674   15
  193  677   15
  193  680   15
  193  683   15
  193  686   15
  193  689   15
  193  692   15
  193  695   15
  193  698   15
  193  701   15
  193  704   15
  193  707   15
  193  710   15
  193  713   15
  193  716   15
  193  719   15
  193  722   15
  193  725   15
  193  728   15
  193  731   15
  193  734   15
  193  737   15
  193  740   15
  193  743   15
  193  746   15
  193  749   15
  193  752   15
  193  755   15
  193  758   15
  193  761   15
  193  764   15
  193  767   15
  193  770   15
  193  773   15
  193  776   15
  193  779   15
  193  782   15
  193  785   15
  193  788   15
  193  791   15
  196  611   16
  196  614   16
  196  617   16
  196  620   16
  196  623   16
  196  626   16
  196  629   16
  196  632   16
  196  635   16
  196  638   16
  196  641   16
  196  644   16
  196  647   16
  196  650   16
  196  653   16
  196  656   16
  196  659   16
  196  662   16
  196  665   16
  196  668   16
  196  671   16
  196  674   16
  196  677   16
  196  680   16
  196  683   16
  196  686   16
  196  689   16
  196  692   16
  196  695   16
  196  698   16
  196  701   16
  196  704   16
  196  707   16
  196  710   16
  196  713   16
  196  716   16
  196  719   16
  196  722   16
  196  725   16
  196  728   16
  196  731   16
  196  734   16
  196  737   16
  196  740   16
  196  743   16
  196  746   16
  196  749   16
  196  752   16
  196  755   16
  196  758   16
  196  761   16
  196  764   16
  196  767   16
  196  770   16
  196  773   16
  196  776   16
  196  779   16
  196  782   16
  196  785   16
  196  788   16
  196  791   16
  199  611   17
  199  614   17
  199  617   17
  199  620   17
  199  623   17
  199  626   17
  199  629   17
  199  632   17
  199  635   17
  199  638   17
  199  641   17
  199  644   17
  199  647   17
  199  650   17
  199  653   17
  199  656   17
  199  659   17
  199  662   17
  199  665   17
  199  668   17
  199  671   17
  199  674   17
  199  677   17
  199  680   17
  199  683   17
  199  686   17
  199  689   17
  199  692   17
  199  695   17
  199  698   17
  199  701   17
  199  704   17
  199  707   17
  199  710   17
  199  713   17
  199  716   17
  199  719   17
  199  722   17
  199  725   17
  199  728   17
  199  731   17
  199  734   17
  199  737   17
  199  740   17
  199  743   17
  199  746   17
  199  749   17
  199  752   17
  199  755   17
  199  758   17
  199  761   17
  199  764   17
  199  767   17
  199  770   17
  199  773   17
  199  776   17
  199  779   17
  199  782   17
  199  785   17
  199  788   17
  199  791   17
  202  611   17
  202  614   17
  202  617   17
  202  620   17
  202  623   17
  202  626   17
  202  629   17
  202  632   17
  202  635   17
  202  638   17
  202  641   17
  202  644   17
  202  647   17
  202  650   17
  202  653   17
  202  656   17
  202  659   17
  202  662   17
  202  665   17
  202  668   17
  202  671   17
  202  674   17
  202  677   17
  202  680   17
  202  683   17
  202  686   17
  202  689   17
  202  692   17
  202  695   17
  202  698   17
  202  701   17
  202  704   17
  202  707   17
  202  710   17
  202  713   17
  202  716   17
  202  719   17
  202  722   17
  202  725   17
  202  728   17
  202  731   17
  202  734   17
  202  737   17
  202  740   17
  202  743   17
  202  746   17
  202  749   17
  202  752   17
  202  755   17
  202  758   17
  202  761   17
  202  764   17
  202  767   17
  202  770   17
  202  773   17
  202  776   17
  202  779   17
  202  782   17
  202  785   17
  202  788   17
  202  791   17
  205  611   18
  205  614   18
  205  617   18
  205  620   18
  205  623   18
  205  626   18
  205  629   18
  205  632   18
  205  635   18
  205  638   18
  205  641   18
  205  644   18
  205  647   18
  205  650   18
  205  653   18
  205  656   18
  205  659   18
  205  662   18
  205  665   18
  205  668   18
  205  671   18
  205  674   18
  205  677   18
  205  680   18
  205  683   18
  205  686   18
  205  689   18
  205  692   18
  205  695   18
  205  698   18
  205  701   18
  205  704   18
  205  707   18
  205  710   18
  205  713   18
  205  716   18
  205  719   18
  205  722   18
  205  725   18
  205  728   18
  205  731   18
  205  734   18
  205  737   18
  205  740   18
  205  743   18
  205  746   18
  205  749   18
  205  752   18
  205  755   18
  205  758   18
  205  761   18
  205  764   18
  205  767   18
  205  770   18
  205  773   18
  205  776   18
  205  779   18
  205  782   18
  205  785   18
  205  788   18
  205  791   18
  208  611   19
  208  614   19
  208  617   19
  208  620   19
  208  623   19
  208  626   19
  208  629   19
  208  632   19
  208  635   19
  208  638   19
  208  641   19
  208  644   19
  208  647   19
  208  650   19
  208  653   19
  208  656   19
  208  659   19
  208  662   19
  208  665   19
  208  668   19
  208  671   19
  208  674   19
  208  677   19
  208  680   19
  208  683   19
  208  686   19
  208  689   19
  208  692   19
  208  695   19
  208  698   19
  208  701   19
  208  704   19
  208  707   19
  208  710   19
  208  713   19
  208  716   19
  208  719   19
  208  722   19
  208  725   19
  208  728   19
  208  731   19
  208  734   19
  208  737   19
  208  740   19
  208  743   19
  208  746   19
  208  749   19
  208  752   19
  208  755   19
  208  758   19
  208  761   19
  208  764   19
  208  767   19
  208  770   19
  208  773   19
  208  776   19
  208  779   19
  208  782   19
  208  785   19
  208  788   19
  208  791   19
  211  611   19
  211  614   19
  211  617   19
  211  620   19
  211  623   19
  211  626   19
  211  629   19
  211  632   19
  211  635   19
  211  638   19
  211  641   19
  211  644   19
  211  647   19
  211  650   19
  211  653   19
  211  656   19
  211  659   19
  211  662   19
  211  665   19
  211  668   19
  211  671   19
  211  674   19
  211  677   19
  211  680   19
  211  683   19
  211  686   19
  211  689   19
  211  692   19
  211  695   19
  211  698   19
  211  701   19
  211  704   19
  211  707   19
  211  710   19
  211  713   19
  211  716   19
  211  719   19
  211  722   19
  211  725   19
  211  728   19
  211  731   19
  211  734   19
  211  737   19
  211  740   19
  211  743   19
  211  746   19
  211  749   19
  211  752   19
  211  755   19
  211  758   19
  211  761   19
  211  764   19
  211  767   19
  211  770   19
  211  773   19
  211  776   19
  211  779   19
  211  782   19
  211  785   19
  211  788   19
  211  791   19
  214  611   20
  214  614   20
  214  617   20
  214  620   20
  214  623   20
  214  626   20
  214  629   20
  214  632   20
  214  635   20
  214  638   20
  214  641   20
  214  644   20
  214  647   20
  214  650   20
  214  653   20
  214  656   20
  214  659   20
  214  662   20
  214  665   20
  214  668   20
  214  671   20
  214  674   20
  214  677   20
  214  680   20
  214  683   20
  214  686   20
  214  689   20
  214  692   20
  214  695   20
  214  698   20
  214  701   20
  214  704   20
  214  707   20
  214  710   20
  214  713   20
  214  716   20
  214  719   20
  214  722   20
  214  725   20
  214  728   20
  214  731   20
  214  734   20
  214  737   20
  214  740   20
  214  743   20
  214  746   20
  214  749   20
  214  752   20
  214  755   20
  214  758   20
  214  761   20
  214  764   20
  214  767   20
  214  770   20
  214  773   20
  214  776   20
  214  779   20
  214  782   20
  214  785   20
  214  788   20
  214  791   20
  217  611   21
  217  614   21
  217  617   21
  217  620   21
  217  623   21
  217  626   21
  217  629   21
  217  632   21
  217  635   21
  217  638   21
  217  641   21
  217  644   21
  217  647   21
  217  650   21
  217  653   21
  217  656   21
  217  659   21
  217  662   21
  217  665   21
  217  668   21
  217  671   21
  217  674   21
  217  677   21
  217  680   21
  217  683   21
  217  686   21
  217  689   21
  217  692   21
  217  695   21
  217  698   21
  217  701   21
  217  704   21
  217  707   21
  217  710   21
  217  713   21
  217  716   21
  217  719   21
  217  722   21
  217  725   21
  217  728   21
  217  731   21
  217  734   21
  217  737   21
  217  740   21
  217  743   21
  217  746   21
  217  749   21
  217  752   21
  217  755   21
  217  758   21
  217  761   21
  217  764   21
  217  767   21
  217  770   21
  217  773   21
  217  776   21
  217  779   21
  217  782   21
  217  785   21
  217  788   21
  217  791   21
  220  611   21
  220  614   21
  220  617   21
  220  620   21
  220  623   21
  220  626   21
  220  629   21
  220  632   21
  220  635   21
  220  638   21
  220  641   21
  220  644   21
  220  647   21
  220  650   21
  220  653   21
  220  656   21
  220  659   21
  220  662   21
  220  665   21
  220  668   21
  220  671   21
  220  674   21
  220  677   21
  220  680   21
  220  683   21
  220  686   21
  220  689   21
  220  692   21
  220  695   21
  220  698   21
  220  701   21
  220  704   21
  220  707   21
  220  710   21
  220  713   21
  220  716   21
  220  719   21
  220  722   21
  220  725   21
  220  728   21
  220  731   21
  220  734   21
  220  737   21
  220  740   21
  220  743   21
  220  746   21
  220  749   21
  220  752   21
  220  755   21
  220  758   21
  220  761   21
  220  764   21
  220  767   21
  220  770   21
  220  773   21
  220  776   21
  220  779   21
  220  782   21
  220  785   21
  220  788   21
  220  791   21
  223  611   22
  223  614   22
  223  617   22
  223  620   22
  223  623   22
  223  626   22
  223  629   22
  223  632   22
  223  635   22
  223  638   22
  223  641   22
  223  644   22
  223  647   22
  223  650   22
  223  653   22
  223  656   22
  223  659   22
  223  662   22
  223  665   22
  223  668   22
  223  671   22
  223  674   22
  223  677   22
  223  680   22
  223  683   22
  223  686   22
  223  689   22
  223  692   22
  223  695   22
  223  698   22
  223  701   22
  223  704   22
  223  707   22
  223  710   22
  223  713   22
  223  716   22
  223  719   22
  223  722   22
  223  725   22
  223  728   22
  223  731   22
  223  734   22
  223  737   22
  223  740   22
  223  743   22
  223  746   22
  223  749   22
  223  752   22
  223  755   22
  223  758   22
  223  761   22
  223  764   22
  223  767   22
  223  770   22
  223  773   22
  223  776   22
  223  779   22
  223  782   22
  223  785   22
  223  788   22
  223  791   22
  226  611   23
  226  614   23
  226  617   23
  226  620   23
  226  623   23
  226  626   23
  226  629   23
  226  632   23
  226  635   23
  226  638   23
  226  641   23
  226  644   23
  226  647   23
  226  650   23
  226  653   23
  226  656   23
  226  659   23
  226  662   23
  226  665   23
  226  668   23
  226  671   23
  226  674   23
  226  677   23
  226  680   23
  226  683   23
  226  686   23
  226  689   23
  226  692   23
  226  695   23
  226  698   23
  226  701   23
  226  704   23
  226  707   23
  226  710   23
  226  713   23
  226  716   23
  226  719   23
  226  722   23
  226  725   23
  226  728   23
  226  731   23
  226  734   23
  226  737   23
  226  740   23
  226  743   23
  226  746   23
  226  749   23
  226  752   23
  226  755   23
  226  758   23
  226  761   23
  226  764   23
  226  767   23
  226  770   23
  226  773   23
  226  776   23
  226  779   23
  226  782   23
  226  785   23
  226  788   23
  226  791   23
