     0.00000     0.00000
     0.06000     0.00192
     0.12000     0.00543
     0.18000     0.00996
     0.24000     0.01532
     0.30000     0.02139
     0.36000     0.02810
     0.42000     0.03537
     0.48000     0.04318
     0.54000     0.05148
     0.60000     0.06024
     0.66000     0.06943
     0.72000     0.07904
     0.78000     0.08905
     0.84000     0.09943
     0.90000     0.11017
     0.96000     0.12125
     1.02000     0.13267
     1.08000     0.14442
     1.14000     0.15647
     1.20000     0.16883
     1.26000     0.18148
     1.32000     0.19442
     1.38000     0.20763
     1.44000     0.22111
     1.50000     0.23485
     1.56000     0.24884
     1.62000     0.26058
     1.68000     0.26867
     1.74000     0.27478
     1.80000     0.27940
     1.86000     0.28277
     1.92000     0.28506
     1.98000     0.28640
     2.04000     0.28687
     2.10000     0.28654
     2.16000     0.28549
     2.22000     0.28375
     2.28000     0.28136
     2.34000     0.27837
     2.40000     0.27481
     2.46000     0.27070
     2.52000     0.26607
     2.58000     0.26094
     2.64000     0.25533
     2.70000     0.24927
     2.76000     0.24277
     2.82000     0.23583
     2.88000     0.22849
     2.94000     0.22075
     3.00000     0.21263
     3.06000     0.20413
     3.12000     0.19527
     3.18000     0.18675
     3.24000     0.18005
     3.30000     0.17422
     3.36000     0.16897
     3.42000     0.16417
     3.48000     0.15973
     3.54000     0.15559
     3.60000     0.15170
     3.66000     0.14803
     3.72000     0.14456
     3.78000     0.14126
     3.84000     0.13811
     3.90000     0.13510
     3.96000     0.13222
     4.02000     0.12945
     4.08000     0.12679
     4.14000     0.12422
     4.20000     0.12174
     4.26000     0.11934
     4.32000     0.11702
     4.38000     0.11477
     4.44000     0.11259
     4.50000     0.11046
     4.56000     0.10840
     4.62000     0.10638
     4.68000     0.10442
     4.74000     0.10251
     4.80000     0.10063
     4.86000     0.09880
     4.92000     0.09701
     4.98000     0.09526
     5.04000     0.09354
     5.10000     0.09186
     5.16000     0.09020
     5.22000     0.08857
     5.28000     0.08698
     5.34000     0.08540
     5.40000     0.08385
     5.46000     0.08233
     5.52000     0.08082
     5.58000     0.07934
     5.64000     0.07787
     5.70000     0.07643
     5.76000     0.07499
     5.82000     0.07358
     5.88000     0.07218
     5.94000     0.07079
     6.00000     0.06941
     6.06000     0.06804
     6.12000     0.06669
     6.18000     0.06534
     6.24000     0.06400
     6.29999     0.06267
     6.35999     0.06134
     6.41999     0.06001
     6.47999     0.05869
     6.53999     0.05737
     6.59999     0.05605
     6.65999     0.05472
     6.71999     0.05340
     6.77999     0.05206
     6.83999     0.05071
     6.89999     0.04935
     6.95999     0.04796
     7.01999     0.04655
     7.07999     0.04513
     7.13999     0.04368
     7.19999     0.04222
     7.25999     0.04075
     7.31999     0.03927
     7.37999     0.03777
     7.43999     0.03627
     7.49999     0.03476
     7.55999     0.03325
     7.61999     0.03173
     7.67999     0.03022
     7.73999     0.02870
     7.79999     0.02719
     7.85999     0.02569
     7.91999     0.02420
     7.97999     0.02272
     8.03999     0.02126
     8.09999     0.01982
     8.15999     0.01840
     8.21999     0.01700
     8.27999     0.01565
     8.34000     0.01432
     8.40000     0.01305
     8.46000     0.01184
     8.52000     0.01069
     8.58000     0.00962
     8.64000     0.00862
     8.70000     0.00768
     8.76000     0.00681
     8.82000     0.00600
     8.88000     0.00526
     8.94000     0.00457
     9.00000     0.00395
     9.06000     0.00337
     9.12000     0.00285
     9.18000     0.00239
     9.24000     0.00197
     9.30000     0.00160
     9.36000     0.00128
     9.42000     0.00100
     9.48000     0.00076
     9.54000     0.00056
     9.60000     0.00039
     9.66000     0.00026
     9.72001     0.00016
     9.78001     0.00009
     9.84001     0.00004
     9.90001     0.00001
     9.96001     0.00000
    10.02001     0.00000
    10.08001     0.00000
    10.14001     0.00000
    10.20001     0.00000
    10.26001     0.00000
    10.32001     0.00000
    10.38001     0.00000
    10.44001     0.00000
    10.50001     0.00000
    10.56001     0.00000
    10.62001     0.00000
    10.68001     0.00000
    10.74001     0.00000
    10.80001     0.00000
    10.86001     0.00000
    10.92001     0.00000
    10.98001     0.00000
    11.04001     0.00000
    11.10001     0.00000
    11.16002     0.00000
    11.22002     0.00000
    11.28002     0.00000
    11.34002     0.00000
    11.40002     0.00000
    11.46002     0.00000
    11.52002     0.00000
    11.58002     0.00000
    11.64002     0.00000
    11.70002     0.00000
    11.76002     0.00000
    11.82002     0.00000
    11.88002     0.00000
    11.94002     0.00000
    12.00002     0.00000
    12.06002     0.00000
    12.12002     0.00000
    12.18002     0.00000
    12.24002     0.00000
    12.30002     0.00000
    12.36002     0.00000
    12.42002     0.00000
    12.48002     0.00000
    12.54002     0.00000
    12.60003     0.00000
    12.66003     0.00000
    12.72003     0.00000
    12.78003     0.00000
    12.84003     0.00000
    12.90003     0.00000
    12.96003     0.00000
    13.02003     0.00000
    13.08003     0.00000
    13.14003     0.00000
    13.20003     0.00000
    13.26003     0.00000
    13.32003     0.00000
    13.38003     0.00000
    13.44003     0.00000
    13.50003     0.00000
    13.56003     0.00000
    13.62003     0.00000
    13.68003     0.00000
    13.74003     0.00000
    13.80003     0.00000
    13.86003     0.00000
    13.92003     0.00000
    13.98003     0.00000
    14.04004     0.00000
    14.10004     0.00000
    14.16004     0.00000
    14.22004     0.00000
    14.28004     0.00000
    14.34004     0.00000
    14.40004     0.00000
    14.46004     0.00000
    14.52004     0.00000
    14.58004     0.00000
    14.64004     0.00000
    14.70004     0.00000
    14.76004     0.00000
    14.82004     0.00000
    14.88004     0.00000
    14.94004     0.00000
    15.00004     0.00000
    15.06004     0.00000
    15.12004     0.00000
    15.18004     0.00000
    15.24004     0.00000
    15.30004     0.00000
    15.36004     0.00000
    15.42004     0.00000
    15.48005     0.00000
    15.54005     0.00000
    15.60005     0.00000
    15.66005     0.00000
    15.72005     0.00000
    15.78005     0.00000
    15.84005     0.00000
    15.90005     0.00000
    15.96005     0.00000
    16.02005     0.00000
    16.08005     0.00000
    16.14005     0.00000
    16.20005     0.00000
    16.26005     0.00000
    16.32005     0.00000
    16.38004     0.00000
    16.44004     0.00000
    16.50004     0.00000
    16.56004     0.00000
    16.62004     0.00000
    16.68004     0.00000
    16.74004     0.00000
    16.80004     0.00000
    16.86004     0.00000
    16.92004     0.00000
    16.98004     0.00000
    17.04004     0.00000
    17.10004     0.00000
    17.16004     0.00000
    17.22004     0.00000
    17.28004     0.00000
    17.34004     0.00000
    17.40004     0.00000
    17.46004     0.00000
    17.52003     0.00000
    17.58003     0.00000
    17.64003     0.00000
    17.70003     0.00000
    17.76003     0.00000
    17.82003     0.00000
    17.88003     0.00000
    17.94003     0.00000
    18.00003     0.00000
    18.06003     0.00000
    18.12003     0.00000
    18.18003     0.00000
    18.24003     0.00000
    18.30003     0.00000
    18.36003     0.00000
    18.42003     0.00000
    18.48003     0.00000
    18.54003     0.00000
    18.60003     0.00000
    18.66002     0.00000
    18.72002     0.00000
    18.78002     0.00000
    18.84002     0.00000
    18.90002     0.00000
    18.96002     0.00000
    19.02002     0.00000
    19.08002     0.00000
    19.14002     0.00000
    19.20002     0.00000
    19.26002     0.00000
    19.32002     0.00000
    19.38002     0.00000
    19.44002     0.00000
    19.50002     0.00000
    19.56002     0.00000
    19.62002     0.00000
    19.68002     0.00000
    19.74002     0.00000
    19.80001     0.00000
    19.86001     0.00000
    19.92001     0.00000
    19.98001     0.00000
    20.04001     0.00000
    20.10001     0.00000
    20.16001     0.00000
    20.22001     0.00000
    20.28001     0.00000
    20.34001     0.00000
    20.40001     0.00000
    20.46001     0.00000
    20.52001     0.00000
    20.58001     0.00000
    20.64001     0.00000
    20.70001     0.00000
    20.76001     0.00000
    20.82001     0.00000
    20.88000     0.00000
    20.94000     0.00000
    21.00000     0.00000
    21.06000     0.00000
    21.12000     0.00000
    21.18000     0.00000
    21.24000     0.00000
    21.30000     0.00000
    21.36000     0.00000
    21.42000     0.00000
    21.48000     0.00000
    21.54000     0.00000
    21.60000     0.00000
    21.66000     0.00000
    21.72000     0.00000
    21.78000     0.00000
    21.84000     0.00000
    21.90000     0.00000
    21.96000     0.00000
    22.01999     0.00000
    22.07999     0.00000
    22.13999     0.00000
    22.19999     0.00000
    22.25999     0.00000
    22.31999     0.00000
    22.37999     0.00000
    22.43999     0.00000
    22.49999     0.00000
    22.55999     0.00000
    22.61999     0.00000
    22.67999     0.00000
    22.73999     0.00000
    22.79999     0.00000
    22.85999     0.00000
    22.91999     0.00000
    22.97999     0.00000
    23.03999     0.00000
    23.09999     0.00000
    23.15998     0.00000
    23.21998     0.00000
    23.27998     0.00000
    23.33998     0.00000
    23.39998     0.00000
    23.45998     0.00000
    23.51998     0.00000
    23.57998     0.00000
    23.63998     0.00000
    23.69998     0.00000
    23.75998     0.00000
    23.81998     0.00000
    23.87998     0.00000
    23.93998     0.00000
    23.99998     0.00000
    24.05998     0.00000
    24.11998     0.00000
    24.17998     0.00000
    24.23997     0.00000
    24.29997     0.00000
    24.35997     0.00000
    24.41997     0.00000
    24.47997     0.00000
    24.53997     0.00000
    24.59997     0.00000
    24.65997     0.00000
    24.71997     0.00000
    24.77997     0.00000
    24.83997     0.00000
    24.89997     0.00000
    24.95997     0.00000
    25.01997     0.00000
    25.07997     0.00000
    25.13997     0.00000
    25.19997     0.00000
    25.25997     0.00000
    25.31997     0.00000
    25.37996     0.00000
    25.43996     0.00000
    25.49996     0.00000
    25.55996     0.00000
    25.61996     0.00000
    25.67996     0.00000
    25.73996     0.00000
    25.79996     0.00000
    25.85996     0.00000
    25.91996     0.00000
    25.97996     0.00000
    26.03996     0.00000
    26.09996     0.00000
    26.15996     0.00000
    26.21996     0.00000
    26.27996     0.00000
    26.33996     0.00000
    26.39996     0.00000
    26.45996     0.00000
    26.51995     0.00000
    26.57995     0.00000
    26.63995     0.00000
    26.69995     0.00000
    26.75995     0.00000
    26.81995     0.00000
    26.87995     0.00000
    26.93995     0.00000
    26.99995     0.00000
    27.05995     0.00000
    27.11995     0.00000
    27.17995     0.00000
    27.23995     0.00000
    27.29995     0.00000
    27.35995     0.00000
    27.41995     0.00000
    27.47995     0.00000
    27.53995     0.00000
    27.59995     0.00000
    27.65994     0.00000
    27.71994     0.00000
    27.77994     0.00000
    27.83994     0.00000
    27.89994     0.00000
    27.95994     0.00000
    28.01994     0.00000
    28.07994     0.00000
    28.13994     0.00000
    28.19994     0.00000
    28.25994     0.00000
    28.31994     0.00000
    28.37994     0.00000
    28.43994     0.00000
    28.49994     0.00000
    28.55994     0.00000
    28.61994     0.00000
    28.67994     0.00000
    28.73993     0.00000
    28.79993     0.00000
    28.85993     0.00000
    28.91993     0.00000
    28.97993     0.00000
    29.03993     0.00000
    29.09993     0.00000
    29.15993     0.00000
    29.21993     0.00000
    29.27993     0.00000
    29.33993     0.00000
    29.39993     0.00000
    29.45993     0.00000
    29.51993     0.00000
    29.57993     0.00000
    29.63993     0.00000
    29.69993     0.00000
    29.75993     0.00000
    29.81993     0.00000
    29.87992     0.00000
    29.93992     0.00000
    29.99992     0.00000
    30.05992     0.00000
    30.11992     0.00000
    30.17992     0.00000
    30.23992     0.00000
    30.29992     0.00000
    30.35992     0.00000
    30.41992     0.00000
    30.47992     0.00000
    30.53992     0.00000
    30.59992     0.00000
    30.65992     0.00000
    30.71992     0.00000
    30.77992     0.00000
    30.83992     0.00000
    30.89992     0.00000
    30.95992     0.00000
    31.01991     0.00000
    31.07991     0.00000
    31.13991     0.00000
    31.19991     0.00000
    31.25991     0.00000
    31.31991     0.00000
    31.37991     0.00000
    31.43991     0.00000
    31.49991     0.00000
    31.55991     0.00000
    31.61991     0.00000
    31.67991     0.00000
    31.73991     0.00000
    31.79991     0.00000
    31.85991     0.00000
    31.91991     0.00000
    31.97991     0.00000
    32.03991     0.00000
    32.09991     0.00000
    32.15991     0.00000
    32.21991     0.00000
    32.27991     0.00000
    32.33991     0.00000
    32.39991     0.00000
    32.45992     0.00000
    32.51992     0.00000
    32.57992     0.00000
    32.63992     0.00000
    32.69992     0.00000
    32.75992     0.00000
    32.81992     0.00000
    32.87992     0.00000
    32.93993     0.00000
    32.99993     0.00000
    33.05993     0.00000
    33.11993     0.00000
    33.17993     0.00000
    33.23993     0.00000
    33.29993     0.00000
    33.35994     0.00000
    33.41994     0.00000
    33.47994     0.00000
    33.53994     0.00000
    33.59994     0.00000
    33.65994     0.00000
    33.71994     0.00000
    33.77995     0.00000
    33.83995     0.00000
    33.89995     0.00000
    33.95995     0.00000
    34.01995     0.00000
    34.07995     0.00000
    34.13995     0.00000
    34.19995     0.00000
    34.25996     0.00000
    34.31996     0.00000
    34.37996     0.00000
    34.43996     0.00000
    34.49996     0.00000
    34.55996     0.00000
    34.61996     0.00000
    34.67997     0.00000
    34.73997     0.00000
    34.79997     0.00000
    34.85997     0.00000
    34.91997     0.00000
    34.97997     0.00000
    35.03997     0.00000
    35.09998     0.00000
    35.15998     0.00000
    35.21998     0.00000
    35.27998     0.00000
    35.33998     0.00000
    35.39998     0.00000
    35.45998     0.00000
    35.51999     0.00000
    35.57999     0.00000
    35.63999     0.00000
    35.69999     0.00000
    35.75999     0.00000
    35.81999     0.00000
    35.87999     0.00000
    35.93999     0.00000
    36.00000     0.00000
    36.06000     0.00000
    36.12000     0.00000
    36.18000     0.00000
    36.24000     0.00000
    36.30000     0.00000
    36.36000     0.00000
    36.42001     0.00000
    36.48001     0.00000
    36.54001     0.00000
    36.60001     0.00000
    36.66001     0.00000
    36.72001     0.00000
    36.78001     0.00000
    36.84002     0.00000
    36.90002     0.00000
    36.96002     0.00000
    37.02002     0.00000
    37.08002     0.00000
    37.14002     0.00000
    37.20002     0.00000
    37.26003     0.00000
    37.32003     0.00000
    37.38003     0.00000
    37.44003     0.00000
    37.50003     0.00000
    37.56003     0.00000
    37.62003     0.00000
    37.68003     0.00000
    37.74004     0.00000
    37.80004     0.00000
    37.86004     0.00000
    37.92004     0.00000
    37.98004     0.00000
    38.04004     0.00000
    38.10004     0.00000
    38.16005     0.00000
    38.22005     0.00000
    38.28005     0.00000
    38.34005     0.00000
    38.40005     0.00000
    38.46005     0.00000
    38.52005     0.00000
    38.58006     0.00000
    38.64006     0.00000
    38.70006     0.00000
    38.76006     0.00000
    38.82006     0.00000
    38.88006     0.00000
    38.94006     0.00000
    39.00006     0.00000
    39.06007     0.00000
    39.12007     0.00000
    39.18007     0.00000
    39.24007     0.00000
    39.30007     0.00000
    39.36007     0.00000
    39.42007     0.00000
    39.48008     0.00000
    39.54008     0.00000
    39.60008     0.00000
    39.66008     0.00000
    39.72008     0.00000
    39.78008     0.00000
    39.84008     0.00000
    39.90009     0.00000
    39.96009     0.00000
    40.02009     0.00000
    40.08009     0.00000
    40.14009     0.00000
    40.20009     0.00000
    40.26009     0.00000
    40.32010     0.00000
    40.38010     0.00000
    40.44010     0.00000
    40.50010     0.00000
    40.56010     0.00000
    40.62010     0.00000
    40.68010     0.00000
    40.74010     0.00000
    40.80011     0.00000
    40.86011     0.00000
    40.92011     0.00000
    40.98011     0.00000
    41.04011     0.00000
    41.10011     0.00000
    41.16011     0.00000
    41.22012     0.00000
    41.28012     0.00000
    41.34012     0.00000
    41.40012     0.00000
    41.46012     0.00000
    41.52012     0.00000
    41.58012     0.00000
    41.64013     0.00000
    41.70013     0.00000
    41.76013     0.00000
    41.82013     0.00000
    41.88013     0.00000
    41.94013     0.00000
    42.00013     0.00000
    42.06013     0.00000
    42.12014     0.00000
    42.18014     0.00000
    42.24014     0.00000
    42.30014     0.00000
    42.36014     0.00000
    42.42014     0.00000
    42.48014     0.00000
    42.54015     0.00000
    42.60015     0.00000
    42.66015     0.00000
    42.72015     0.00000
    42.78015     0.00000
    42.84015     0.00000
    42.90015     0.00000
    42.96016     0.00000
    43.02016     0.00000
    43.08016     0.00000
    43.14016     0.00000
    43.20016     0.00000
    43.26016     0.00000
    43.32016     0.00000
    43.38017     0.00000
    43.44017     0.00000
    43.50017     0.00000
    43.56017     0.00000
    43.62017     0.00000
    43.68017     0.00000
    43.74017     0.00000
    43.80017     0.00000
    43.86018     0.00000
    43.92018     0.00000
    43.98018     0.00000
    44.04018     0.00000
    44.10018     0.00000
    44.16018     0.00000
    44.22018     0.00000
    44.28019     0.00000
    44.34019     0.00000
    44.40019     0.00000
    44.46019     0.00000
    44.52019     0.00000
    44.58019     0.00000
    44.64019     0.00000
    44.70020     0.00000
    44.76020     0.00000
    44.82020     0.00000
    44.88020     0.00000
    44.94020     0.00000
    45.00020     0.00000
    45.06020     0.00000
    45.12020     0.00000
    45.18021     0.00000
    45.24021     0.00000
    45.30021     0.00000
    45.36021     0.00000
    45.42021     0.00000
    45.48021     0.00000
    45.54021     0.00000
    45.60022     0.00000
    45.66022     0.00000
    45.72022     0.00000
    45.78022     0.00000
    45.84022     0.00000
    45.90022     0.00000
    45.96022     0.00000
    46.02023     0.00000
    46.08023     0.00000
    46.14023     0.00000
    46.20023     0.00000
    46.26023     0.00000
    46.32023     0.00000
    46.38023     0.00000
    46.44024     0.00000
    46.50024     0.00000
    46.56024     0.00000
    46.62024     0.00000
    46.68024     0.00000
    46.74024     0.00000
    46.80024     0.00000
    46.86024     0.00000
    46.92025     0.00000
    46.98025     0.00000
    47.04025     0.00000
    47.10025     0.00000
    47.16025     0.00000
    47.22025     0.00000
    47.28025     0.00000
    47.34026     0.00000
    47.40026     0.00000
    47.46026     0.00000
    47.52026     0.00000
    47.58026     0.00000
    47.64026     0.00000
    47.70026     0.00000
    47.76027     0.00000
    47.82027     0.00000
    47.88027     0.00000
    47.94027     0.00000
    48.00027     0.00000
    48.06027     0.00000
    48.12027     0.00000
    48.18027     0.00000
    48.24028     0.00000
    48.30028     0.00000
    48.36028     0.00000
    48.42028     0.00000
    48.48028     0.00000
    48.54028     0.00000
    48.60028     0.00000
    48.66029     0.00000
    48.72029     0.00000
    48.78029     0.00000
    48.84029     0.00000
    48.90029     0.00000
    48.96029     0.00000
    49.02029     0.00000
    49.08030     0.00000
    49.14030     0.00000
    49.20030     0.00000
    49.26030     0.00000
    49.32030     0.00000
    49.38030     0.00000
    49.44030     0.00000
    49.50031     0.00000
    49.56031     0.00000
    49.62031     0.00000
    49.68031     0.00000
    49.74031     0.00000
    49.80031     0.00000
    49.86031     0.00000
    49.92031     0.00000
    49.98032     0.00000
    50.04032     0.00000
    50.10032     0.00000
    50.16032     0.00000
    50.22032     0.00000
    50.28032     0.00000
    50.34032     0.00000
    50.40033     0.00000
    50.46033     0.00000
    50.52033     0.00000
    50.58033     0.00000
    50.64033     0.00000
    50.70033     0.00000
    50.76033     0.00000
    50.82034     0.00000
    50.88034     0.00000
    50.94034     0.00000
    51.00034     0.00000
    51.06034     0.00000
    51.12034     0.00000
    51.18034     0.00000
    51.24035     0.00000
    51.30035     0.00000
    51.36035     0.00000
    51.42035     0.00000
    51.48035     0.00000
    51.54035     0.00000
    51.60035     0.00000
    51.66035     0.00000
    51.72036     0.00000
    51.78036     0.00000
    51.84036     0.00000
    51.90036     0.00000
    51.96036     0.00000
    52.02036     0.00000
    52.08036     0.00000
    52.14037     0.00000
    52.20037     0.00000
    52.26037     0.00000
    52.32037     0.00000
    52.38037     0.00000
    52.44037     0.00000
    52.50037     0.00000
    52.56038     0.00000
    52.62038     0.00000
    52.68038     0.00000
    52.74038     0.00000
    52.80038     0.00000
    52.86038     0.00000
    52.92038     0.00000
    52.98038     0.00000
    53.04039     0.00000
    53.10039     0.00000
    53.16039     0.00000
    53.22039     0.00000
    53.28039     0.00000
    53.34039     0.00000
    53.40039     0.00000
    53.46040     0.00000
    53.52040     0.00000
    53.58040     0.00000
    53.64040     0.00000
    53.70040     0.00000
    53.76040     0.00000
    53.82040     0.00000
    53.88041     0.00000
    53.94041     0.00000
    54.00041     0.00000
    54.06041     0.00000
    54.12041     0.00000
    54.18041     0.00000
    54.24041     0.00000
    54.30042     0.00000
    54.36042     0.00000
    54.42042     0.00000
    54.48042     0.00000
    54.54042     0.00000
    54.60042     0.00000
    54.66042     0.00000
    54.72042     0.00000
    54.78043     0.00000
    54.84043     0.00000
    54.90043     0.00000
    54.96043     0.00000
    55.02043     0.00000
    55.08043     0.00000
    55.14043     0.00000
    55.20044     0.00000
    55.26044     0.00000
    55.32044     0.00000
    55.38044     0.00000
    55.44044     0.00000
    55.50044     0.00000
    55.56044     0.00000
    55.62045     0.00000
    55.68045     0.00000
    55.74045     0.00000
    55.80045     0.00000
    55.86045     0.00000
    55.92045     0.00000
    55.98045     0.00000
    56.04045     0.00000
    56.10046     0.00000
    56.16046     0.00000
    56.22046     0.00000
    56.28046     0.00000
    56.34046     0.00000
    56.40046     0.00000
    56.46046     0.00000
    56.52047     0.00000
    56.58047     0.00000
    56.64047     0.00000
    56.70047     0.00000
    56.76047     0.00000
    56.82047     0.00000
    56.88047     0.00000
    56.94048     0.00000
    57.00048     0.00000
    57.06048     0.00000
    57.12048     0.00000
    57.18048     0.00000
    57.24048     0.00000
    57.30048     0.00000
    57.36049     0.00000
    57.42049     0.00000
    57.48049     0.00000
    57.54049     0.00000
    57.60049     0.00000
    57.66049     0.00000
    57.72049     0.00000
    57.78049     0.00000
    57.84050     0.00000
    57.90050     0.00000
    57.96050     0.00000
    58.02050     0.00000
    58.08050     0.00000
    58.14050     0.00000
    58.20050     0.00000
    58.26051     0.00000
    58.32051     0.00000
    58.38051     0.00000
    58.44051     0.00000
    58.50051     0.00000
    58.56051     0.00000
    58.62051     0.00000
    58.68052     0.00000
    58.74052     0.00000
    58.80052     0.00000
    58.86052     0.00000
    58.92052     0.00000
    58.98052     0.00000
    59.04052     0.00000
    59.10052     0.00000
    59.16053     0.00000
    59.22053     0.00000
    59.28053     0.00000
    59.34053     0.00000
    59.40053     0.00000
    59.46053     0.00000
    59.52053     0.00000
    59.58054     0.00000
    59.64054     0.00000
    59.70054     0.00000
    59.76054     0.00000
    59.82054     0.00000
    59.88054     0.00000
    59.94054     0.00000
    60.00055     0.00000
    60.06055     0.00000
    60.12055     0.00000
    60.18055     0.00000
    60.24055     0.00000
    60.30055     0.00000
    60.36055     0.00000
    60.42056     0.00000
    60.48056     0.00000
    60.54056     0.00000
    60.60056     0.00000
    60.66056     0.00000
    60.72056     0.00000
    60.78056     0.00000
    60.84056     0.00000
    60.90057     0.00000
    60.96057     0.00000
    61.02057     0.00000
    61.08057     0.00000
    61.14057     0.00000
    61.20057     0.00000
    61.26057     0.00000
    61.32058     0.00000
    61.38058     0.00000
    61.44058     0.00000
    61.50058     0.00000
    61.56058     0.00000
    61.62058     0.00000
    61.68058     0.00000
    61.74059     0.00000
    61.80059     0.00000
    61.86059     0.00000
    61.92059     0.00000
    61.98059     0.00000
    62.04059     0.00000
    62.10059     0.00000
    62.16059     0.00000
    62.22060     0.00000
    62.28060     0.00000
    62.34060     0.00000
    62.40060     0.00000
    62.46060     0.00000
    62.52060     0.00000
    62.58060     0.00000
    62.64061     0.00000
    62.70061     0.00000
    62.76061     0.00000
    62.82061     0.00000
    62.88061     0.00000
    62.94061     0.00000
    63.00061     0.00000
    63.06062     0.00000
    63.12062     0.00000
    63.18062     0.00000
    63.24062     0.00000
    63.30062     0.00000
    63.36062     0.00000
    63.42062     0.00000
    63.48063     0.00000
    63.54063     0.00000
    63.60063     0.00000
    63.66063     0.00000
    63.72063     0.00000
    63.78063     0.00000
    63.84063     0.00000
    63.90063     0.00000
    63.96064     0.00000
    64.02064     0.00000
    64.08064     0.00000
    64.14063     0.00000
    64.20063     0.00000
    64.26063     0.00000
    64.32063     0.00000
    64.38062     0.00000
    64.44062     0.00000
    64.50062     0.00000
    64.56062     0.00000
    64.62061     0.00000
    64.68061     0.00000
    64.74061     0.00000
    64.80061     0.00000
    64.86060     0.00000
    64.92060     0.00000
    64.98060     0.00000
    65.04060     0.00000
    65.10059     0.00000
    65.16059     0.00000
    65.22059     0.00000
    65.28059     0.00000
    65.34058     0.00000
    65.40058     0.00000
    65.46058     0.00000
    65.52058     0.00000
    65.58057     0.00000
    65.64057     0.00000
    65.70057     0.00000
    65.76057     0.00000
    65.82056     0.00000
    65.88056     0.00000
    65.94056     0.00000
    66.00056     0.00000
    66.06055     0.00000
    66.12055     0.00000
    66.18055     0.00000
    66.24055     0.00000
    66.30054     0.00000
    66.36054     0.00000
    66.42054     0.00000
    66.48054     0.00000
    66.54053     0.00000
    66.60053     0.00000
    66.66053     0.00000
    66.72053     0.00000
    66.78053     0.00000
    66.84052     0.00000
    66.90052     0.00000
    66.96052     0.00000
    67.02052     0.00000
    67.08051     0.00000
    67.14051     0.00000
    67.20051     0.00000
    67.26051     0.00000
    67.32050     0.00000
    67.38050     0.00000
    67.44050     0.00000
    67.50050     0.00000
    67.56049     0.00000
    67.62049     0.00000
    67.68049     0.00000
    67.74049     0.00000
    67.80048     0.00000
    67.86048     0.00000
    67.92048     0.00000
    67.98048     0.00000
    68.04047     0.00000
    68.10047     0.00000
    68.16047     0.00000
    68.22047     0.00000
    68.28046     0.00000
    68.34046     0.00000
    68.40046     0.00000
    68.46046     0.00000
    68.52045     0.00000
    68.58045     0.00000
    68.64045     0.00000
    68.70045     0.00000
    68.76044     0.00000
    68.82044     0.00000
    68.88044     0.00000
    68.94044     0.00000
    69.00043     0.00000
    69.06043     0.00000
    69.12043     0.00000
    69.18043     0.00000
    69.24043     0.00000
    69.30042     0.00000
    69.36042     0.00000
    69.42042     0.00000
    69.48042     0.00000
    69.54041     0.00000
    69.60041     0.00000
    69.66041     0.00000
    69.72041     0.00000
    69.78040     0.00000
    69.84040     0.00000
    69.90040     0.00000
    69.96040     0.00000
    70.02039     0.00000
