 -1.90823000e+01 -6.60500000e-01 1.32890000e+00
 -1.80947000e+01 -6.60500000e-01 1.32890000e+00
 -1.71070000e+01 -6.60500000e-01 1.32890000e+00
 -1.61194000e+01 -6.60500000e-01 1.32890000e+00
 -1.51317000e+01 -6.60500000e-01 1.32890000e+00
 -1.41441000e+01 -6.60500000e-01 1.32890000e+00
 -1.31564000e+01 -6.60500000e-01 1.32890000e+00
 -1.21688000e+01 -6.60500000e-01 1.32890000e+00
 -1.11811000e+01 -6.60500000e-01 1.32890000e+00
 -1.01935000e+01 -6.60500000e-01 1.32890000e+00
 -9.20580000e+00 -6.60500000e-01 1.32890000e+00
 -8.21810000e+00 -6.60500000e-01 1.32890000e+00
 -7.23050000e+00 -6.60500000e-01 1.32890000e+00
 -6.24280000e+00 -6.60500000e-01 1.32890000e+00
 -5.25520000e+00 -6.60500000e-01 1.32890000e+00
 -4.26750000e+00 -6.60500000e-01 1.32890000e+00
 -3.27990000e+00 -6.60500000e-01 1.32890000e+00
 -2.29220000e+00 -6.60500000e-01 1.32890000e+00
 -1.30460000e+00 -6.60500000e-01 1.32890000e+00
 -3.16900000e-01 -6.60500000e-01 1.32890000e+00
 6.70700000e-01 -6.60500000e-01 1.32890000e+00
 1.65840000e+00 -6.60500000e-01 1.32890000e+00
 2.64600000e+00 -6.60500000e-01 1.32890000e+00
 3.63370000e+00 -6.60500000e-01 1.32890000e+00
 4.62140000e+00 -6.60500000e-01 1.32890000e+00
 5.60900000e+00 -6.60500000e-01 1.32890000e+00
 6.59670000e+00 -6.60500000e-01 1.32890000e+00
 7.58430000e+00 -6.60500000e-01 1.32890000e+00
 8.57200000e+00 -6.60500000e-01 1.32890000e+00
 9.55960000e+00 -6.60500000e-01 1.32890000e+00
 1.05473000e+01 -6.60500000e-01 1.32890000e+00
 1.15349000e+01 -6.60500000e-01 1.32890000e+00
 1.25226000e+01 -6.60500000e-01 1.32890000e+00
 1.35102000e+01 -6.60500000e-01 1.32890000e+00
 1.44979000e+01 -6.60500000e-01 1.32890000e+00
 1.54856000e+01 -6.60500000e-01 1.32890000e+00
 1.64732000e+01 -6.60500000e-01 1.32890000e+00
 1.74609000e+01 -6.60500000e-01 1.32890000e+00
 1.84485000e+01 -6.60500000e-01 1.32890000e+00
 1.94362000e+01 -6.60500000e-01 1.32890000e+00
 -1.90823000e+01 -1.38100000e+00 1.98680000e+00
 -1.80947000e+01 -1.38100000e+00 1.98680000e+00
 -1.71070000e+01 -1.38100000e+00 1.98680000e+00
 -1.61194000e+01 -1.38100000e+00 1.98680000e+00
 -1.51317000e+01 -1.38100000e+00 1.98680000e+00
 -1.41441000e+01 -1.38100000e+00 1.98680000e+00
 -1.31564000e+01 -1.38100000e+00 1.98680000e+00
 -1.21688000e+01 -1.38100000e+00 1.98680000e+00
 -1.11811000e+01 -1.38100000e+00 1.98680000e+00
 -1.01935000e+01 -1.38100000e+00 1.98680000e+00
 -9.20580000e+00 -1.38100000e+00 1.98680000e+00
 -8.21810000e+00 -1.38100000e+00 1.98680000e+00
 -7.23050000e+00 -1.38100000e+00 1.98680000e+00
 -6.24280000e+00 -1.38100000e+00 1.98680000e+00
 -5.25520000e+00 -1.38100000e+00 1.98680000e+00
 -4.26750000e+00 -1.38100000e+00 1.98680000e+00
 -3.27990000e+00 -1.38100000e+00 1.98680000e+00
 -2.29220000e+00 -1.38100000e+00 1.98680000e+00
 -1.30460000e+00 -1.38100000e+00 1.98680000e+00
 -3.16900000e-01 -1.38100000e+00 1.98680000e+00
 6.70700000e-01 -1.38100000e+00 1.98680000e+00
 1.65840000e+00 -1.38100000e+00 1.98680000e+00
 2.64600000e+00 -1.38100000e+00 1.98680000e+00
 3.63370000e+00 -1.38100000e+00 1.98680000e+00
 4.62140000e+00 -1.38100000e+00 1.98680000e+00
 5.60900000e+00 -1.38100000e+00 1.98680000e+00
 6.59670000e+00 -1.38100000e+00 1.98680000e+00
 7.58430000e+00 -1.38100000e+00 1.98680000e+00
 8.57200000e+00 -1.38100000e+00 1.98680000e+00
 9.55960000e+00 -1.38100000e+00 1.98680000e+00
 1.05473000e+01 -1.38100000e+00 1.98680000e+00
 1.15349000e+01 -1.38100000e+00 1.98680000e+00
 1.25226000e+01 -1.38100000e+00 1.98680000e+00
 1.35102000e+01 -1.38100000e+00 1.98680000e+00
 1.44979000e+01 -1.38100000e+00 1.98680000e+00
 1.54856000e+01 -1.38100000e+00 1.98680000e+00
 1.64732000e+01 -1.38100000e+00 1.98680000e+00
 1.74609000e+01 -1.38100000e+00 1.98680000e+00
 1.84485000e+01 -1.38100000e+00 1.98680000e+00
 1.94362000e+01 -1.38100000e+00 1.98680000e+00
 -1.90823000e+01 -2.10140000e+00 2.64460000e+00
 -1.80947000e+01 -2.10140000e+00 2.64460000e+00
 -1.71070000e+01 -2.10140000e+00 2.64460000e+00
 -1.61194000e+01 -2.10140000e+00 2.64460000e+00
 -1.51317000e+01 -2.10140000e+00 2.64460000e+00
 -1.41441000e+01 -2.10140000e+00 2.64460000e+00
 -1.31564000e+01 -2.10140000e+00 2.64460000e+00
 -1.21688000e+01 -2.10140000e+00 2.64460000e+00
 -1.11811000e+01 -2.10140000e+00 2.64460000e+00
 -1.01935000e+01 -2.10140000e+00 2.64460000e+00
 -9.20580000e+00 -2.10140000e+00 2.64460000e+00
 -8.21810000e+00 -2.10140000e+00 2.64460000e+00
 -7.23050000e+00 -2.10140000e+00 2.64460000e+00
 -6.24280000e+00 -2.10140000e+00 2.64460000e+00
 -5.25520000e+00 -2.10140000e+00 2.64460000e+00
 -4.26750000e+00 -2.10140000e+00 2.64460000e+00
 -3.27990000e+00 -2.10140000e+00 2.64460000e+00
 -2.29220000e+00 -2.10140000e+00 2.64460000e+00
 -1.30460000e+00 -2.10140000e+00 2.64460000e+00
 -3.16900000e-01 -2.10140000e+00 2.64460000e+00
 6.70700000e-01 -2.10140000e+00 2.64460000e+00
 1.65840000e+00 -2.10140000e+00 2.64460000e+00
 2.64600000e+00 -2.10140000e+00 2.64460000e+00
 3.63370000e+00 -2.10140000e+00 2.64460000e+00
 4.62140000e+00 -2.10140000e+00 2.64460000e+00
 5.60900000e+00 -2.10140000e+00 2.64460000e+00
 6.59670000e+00 -2.10140000e+00 2.64460000e+00
 7.58430000e+00 -2.10140000e+00 2.64460000e+00
 8.57200000e+00 -2.10140000e+00 2.64460000e+00
 9.55960000e+00 -2.10140000e+00 2.64460000e+00
 1.05473000e+01 -2.10140000e+00 2.64460000e+00
 1.15349000e+01 -2.10140000e+00 2.64460000e+00
 1.25226000e+01 -2.10140000e+00 2.64460000e+00
 1.35102000e+01 -2.10140000e+00 2.64460000e+00
 1.44979000e+01 -2.10140000e+00 2.64460000e+00
 1.54856000e+01 -2.10140000e+00 2.64460000e+00
 1.64732000e+01 -2.10140000e+00 2.64460000e+00
 1.74609000e+01 -2.10140000e+00 2.64460000e+00
 1.84485000e+01 -2.10140000e+00 2.64460000e+00
 1.94362000e+01 -2.10140000e+00 2.64460000e+00
 -1.90823000e+01 -2.82190000e+00 3.30250000e+00
 -1.80947000e+01 -2.82190000e+00 3.30250000e+00
 -1.71070000e+01 -2.82190000e+00 3.30250000e+00
 -1.61194000e+01 -2.82190000e+00 3.30250000e+00
 -1.51317000e+01 -2.82190000e+00 3.30250000e+00
 -1.41441000e+01 -2.82190000e+00 3.30250000e+00
 -1.31564000e+01 -2.82190000e+00 3.30250000e+00
 -1.21688000e+01 -2.82190000e+00 3.30250000e+00
 -1.11811000e+01 -2.82190000e+00 3.30250000e+00
 -1.01935000e+01 -2.82190000e+00 3.30250000e+00
 -9.20580000e+00 -2.82190000e+00 3.30250000e+00
 -8.21810000e+00 -2.82190000e+00 3.30250000e+00
 -7.23050000e+00 -2.82190000e+00 3.30250000e+00
 -6.24280000e+00 -2.82190000e+00 3.30250000e+00
 -5.25520000e+00 -2.82190000e+00 3.30250000e+00
 -4.26750000e+00 -2.82190000e+00 3.30250000e+00
 -3.27990000e+00 -2.82190000e+00 3.30250000e+00
 -2.29220000e+00 -2.82190000e+00 3.30250000e+00
 -1.30460000e+00 -2.82190000e+00 3.30250000e+00
 -3.16900000e-01 -2.82190000e+00 3.30250000e+00
 6.70700000e-01 -2.82190000e+00 3.30250000e+00
 1.65840000e+00 -2.82190000e+00 3.30250000e+00
 2.64600000e+00 -2.82190000e+00 3.30250000e+00
 3.63370000e+00 -2.82190000e+00 3.30250000e+00
 4.62140000e+00 -2.82190000e+00 3.30250000e+00
 5.60900000e+00 -2.82190000e+00 3.30250000e+00
 6.59670000e+00 -2.82190000e+00 3.30250000e+00
 7.58430000e+00 -2.82190000e+00 3.30250000e+00
 8.57200000e+00 -2.82190000e+00 3.30250000e+00
 9.55960000e+00 -2.82190000e+00 3.30250000e+00
 1.05473000e+01 -2.82190000e+00 3.30250000e+00
 1.15349000e+01 -2.82190000e+00 3.30250000e+00
 1.25226000e+01 -2.82190000e+00 3.30250000e+00
 1.35102000e+01 -2.82190000e+00 3.30250000e+00
 1.44979000e+01 -2.82190000e+00 3.30250000e+00
 1.54856000e+01 -2.82190000e+00 3.30250000e+00
 1.64732000e+01 -2.82190000e+00 3.30250000e+00
 1.74609000e+01 -2.82190000e+00 3.30250000e+00
 1.84485000e+01 -2.82190000e+00 3.30250000e+00
 1.94362000e+01 -2.82190000e+00 3.30250000e+00
 -1.90823000e+01 -3.54230000e+00 3.96040000e+00
 -1.80947000e+01 -3.54230000e+00 3.96040000e+00
 -1.71070000e+01 -3.54230000e+00 3.96040000e+00
 -1.61194000e+01 -3.54230000e+00 3.96040000e+00
 -1.51317000e+01 -3.54230000e+00 3.96040000e+00
 -1.41441000e+01 -3.54230000e+00 3.96040000e+00
 -1.31564000e+01 -3.54230000e+00 3.96040000e+00
 -1.21688000e+01 -3.54230000e+00 3.96040000e+00
 -1.11811000e+01 -3.54230000e+00 3.96040000e+00
 -1.01935000e+01 -3.54230000e+00 3.96040000e+00
 -9.20580000e+00 -3.54230000e+00 3.96040000e+00
 -8.21810000e+00 -3.54230000e+00 3.96040000e+00
 -7.23050000e+00 -3.54230000e+00 3.96040000e+00
 -6.24280000e+00 -3.54230000e+00 3.96040000e+00
 -5.25520000e+00 -3.54230000e+00 3.96040000e+00
 -4.26750000e+00 -3.54230000e+00 3.96040000e+00
 -3.27990000e+00 -3.54230000e+00 3.96040000e+00
 -2.29220000e+00 -3.54230000e+00 3.96040000e+00
 -1.30460000e+00 -3.54230000e+00 3.96040000e+00
 -3.16900000e-01 -3.54230000e+00 3.96040000e+00
 6.70700000e-01 -3.54230000e+00 3.96040000e+00
 1.65840000e+00 -3.54230000e+00 3.96040000e+00
 2.64600000e+00 -3.54230000e+00 3.96040000e+00
 3.63370000e+00 -3.54230000e+00 3.96040000e+00
 4.62140000e+00 -3.54230000e+00 3.96040000e+00
 5.60900000e+00 -3.54230000e+00 3.96040000e+00
 6.59670000e+00 -3.54230000e+00 3.96040000e+00
 7.58430000e+00 -3.54230000e+00 3.96040000e+00
 8.57200000e+00 -3.54230000e+00 3.96040000e+00
 9.55960000e+00 -3.54230000e+00 3.96040000e+00
 1.05473000e+01 -3.54230000e+00 3.96040000e+00
 1.15349000e+01 -3.54230000e+00 3.96040000e+00
 1.25226000e+01 -3.54230000e+00 3.96040000e+00
 1.35102000e+01 -3.54230000e+00 3.96040000e+00
 1.44979000e+01 -3.54230000e+00 3.96040000e+00
 1.54856000e+01 -3.54230000e+00 3.96040000e+00
 1.64732000e+01 -3.54230000e+00 3.96040000e+00
 1.74609000e+01 -3.54230000e+00 3.96040000e+00
 1.84485000e+01 -3.54230000e+00 3.96040000e+00
 1.94362000e+01 -3.54230000e+00 3.96040000e+00
 -1.90823000e+01 -4.26270000e+00 4.61820000e+00
 -1.80947000e+01 -4.26270000e+00 4.61820000e+00
 -1.71070000e+01 -4.26270000e+00 4.61820000e+00
 -1.61194000e+01 -4.26270000e+00 4.61820000e+00
 -1.51317000e+01 -4.26270000e+00 4.61820000e+00
 -1.41441000e+01 -4.26270000e+00 4.61820000e+00
 -1.31564000e+01 -4.26270000e+00 4.61820000e+00
 -1.21688000e+01 -4.26270000e+00 4.61820000e+00
 -1.11811000e+01 -4.26270000e+00 4.61820000e+00
 -1.01935000e+01 -4.26270000e+00 4.61820000e+00
 -9.20580000e+00 -4.26270000e+00 4.61820000e+00
 -8.21810000e+00 -4.26270000e+00 4.61820000e+00
 -7.23050000e+00 -4.26270000e+00 4.61820000e+00
 -6.24280000e+00 -4.26270000e+00 4.61820000e+00
 -5.25520000e+00 -4.26270000e+00 4.61820000e+00
 -4.26750000e+00 -4.26270000e+00 4.61820000e+00
 -3.27990000e+00 -4.26270000e+00 4.61820000e+00
 -2.29220000e+00 -4.26270000e+00 4.61820000e+00
 -1.30460000e+00 -4.26270000e+00 4.61820000e+00
 -3.16900000e-01 -4.26270000e+00 4.61820000e+00
 6.70700000e-01 -4.26270000e+00 4.61820000e+00
 1.65840000e+00 -4.26270000e+00 4.61820000e+00
 2.64600000e+00 -4.26270000e+00 4.61820000e+00
 3.63370000e+00 -4.26270000e+00 4.61820000e+00
 4.62140000e+00 -4.26270000e+00 4.61820000e+00
 5.60900000e+00 -4.26270000e+00 4.61820000e+00
 6.59670000e+00 -4.26270000e+00 4.61820000e+00
 7.58430000e+00 -4.26270000e+00 4.61820000e+00
 8.57200000e+00 -4.26270000e+00 4.61820000e+00
 9.55960000e+00 -4.26270000e+00 4.61820000e+00
 1.05473000e+01 -4.26270000e+00 4.61820000e+00
 1.15349000e+01 -4.26270000e+00 4.61820000e+00
 1.25226000e+01 -4.26270000e+00 4.61820000e+00
 1.35102000e+01 -4.26270000e+00 4.61820000e+00
 1.44979000e+01 -4.26270000e+00 4.61820000e+00
 1.54856000e+01 -4.26270000e+00 4.61820000e+00
 1.64732000e+01 -4.26270000e+00 4.61820000e+00
 1.74609000e+01 -4.26270000e+00 4.61820000e+00
 1.84485000e+01 -4.26270000e+00 4.61820000e+00
 1.94362000e+01 -4.26270000e+00 4.61820000e+00
 -1.90823000e+01 -4.98320000e+00 5.27610000e+00
 -1.80947000e+01 -4.98320000e+00 5.27610000e+00
 -1.71070000e+01 -4.98320000e+00 5.27610000e+00
 -1.61194000e+01 -4.98320000e+00 5.27610000e+00
 -1.51317000e+01 -4.98320000e+00 5.27610000e+00
 -1.41441000e+01 -4.98320000e+00 5.27610000e+00
 -1.31564000e+01 -4.98320000e+00 5.27610000e+00
 -1.21688000e+01 -4.98320000e+00 5.27610000e+00
 -1.11811000e+01 -4.98320000e+00 5.27610000e+00
 -1.01935000e+01 -4.98320000e+00 5.27610000e+00
 -9.20580000e+00 -4.98320000e+00 5.27610000e+00
 -8.21810000e+00 -4.98320000e+00 5.27610000e+00
 -7.23050000e+00 -4.98320000e+00 5.27610000e+00
 -6.24280000e+00 -4.98320000e+00 5.27610000e+00
 -5.25520000e+00 -4.98320000e+00 5.27610000e+00
 -4.26750000e+00 -4.98320000e+00 5.27610000e+00
 -3.27990000e+00 -4.98320000e+00 5.27610000e+00
 -2.29220000e+00 -4.98320000e+00 5.27610000e+00
 -1.30460000e+00 -4.98320000e+00 5.27610000e+00
 -3.16900000e-01 -4.98320000e+00 5.27610000e+00
 6.70700000e-01 -4.98320000e+00 5.27610000e+00
 1.65840000e+00 -4.98320000e+00 5.27610000e+00
 2.64600000e+00 -4.98320000e+00 5.27610000e+00
 3.63370000e+00 -4.98320000e+00 5.27610000e+00
 4.62140000e+00 -4.98320000e+00 5.27610000e+00
 5.60900000e+00 -4.98320000e+00 5.27610000e+00
 6.59670000e+00 -4.98320000e+00 5.27610000e+00
 7.58430000e+00 -4.98320000e+00 5.27610000e+00
 8.57200000e+00 -4.98320000e+00 5.27610000e+00
 9.55960000e+00 -4.98320000e+00 5.27610000e+00
 1.05473000e+01 -4.98320000e+00 5.27610000e+00
 1.15349000e+01 -4.98320000e+00 5.27610000e+00
 1.25226000e+01 -4.98320000e+00 5.27610000e+00
 1.35102000e+01 -4.98320000e+00 5.27610000e+00
 1.44979000e+01 -4.98320000e+00 5.27610000e+00
 1.54856000e+01 -4.98320000e+00 5.27610000e+00
 1.64732000e+01 -4.98320000e+00 5.27610000e+00
 1.74609000e+01 -4.98320000e+00 5.27610000e+00
 1.84485000e+01 -4.98320000e+00 5.27610000e+00
 1.94362000e+01 -4.98320000e+00 5.27610000e+00
 -1.90823000e+01 -5.70360000e+00 5.93390000e+00
 -1.80947000e+01 -5.70360000e+00 5.93390000e+00
 -1.71070000e+01 -5.70360000e+00 5.93390000e+00
 -1.61194000e+01 -5.70360000e+00 5.93390000e+00
 -1.51317000e+01 -5.70360000e+00 5.93390000e+00
 -1.41441000e+01 -5.70360000e+00 5.93390000e+00
 -1.31564000e+01 -5.70360000e+00 5.93390000e+00
 -1.21688000e+01 -5.70360000e+00 5.93390000e+00
 -1.11811000e+01 -5.70360000e+00 5.93390000e+00
 -1.01935000e+01 -5.70360000e+00 5.93390000e+00
 -9.20580000e+00 -5.70360000e+00 5.93390000e+00
 -8.21810000e+00 -5.70360000e+00 5.93390000e+00
 -7.23050000e+00 -5.70360000e+00 5.93390000e+00
 -6.24280000e+00 -5.70360000e+00 5.93390000e+00
 -5.25520000e+00 -5.70360000e+00 5.93390000e+00
 -4.26750000e+00 -5.70360000e+00 5.93390000e+00
 -3.27990000e+00 -5.70360000e+00 5.93390000e+00
 -2.29220000e+00 -5.70360000e+00 5.93390000e+00
 -1.30460000e+00 -5.70360000e+00 5.93390000e+00
 -3.16900000e-01 -5.70360000e+00 5.93390000e+00
 6.70700000e-01 -5.70360000e+00 5.93390000e+00
 1.65840000e+00 -5.70360000e+00 5.93390000e+00
 2.64600000e+00 -5.70360000e+00 5.93390000e+00
 3.63370000e+00 -5.70360000e+00 5.93390000e+00
 4.62140000e+00 -5.70360000e+00 5.93390000e+00
 5.60900000e+00 -5.70360000e+00 5.93390000e+00
 6.59670000e+00 -5.70360000e+00 5.93390000e+00
 7.58430000e+00 -5.70360000e+00 5.93390000e+00
 8.57200000e+00 -5.70360000e+00 5.93390000e+00
 9.55960000e+00 -5.70360000e+00 5.93390000e+00
 1.05473000e+01 -5.70360000e+00 5.93390000e+00
 1.15349000e+01 -5.70360000e+00 5.93390000e+00
 1.25226000e+01 -5.70360000e+00 5.93390000e+00
 1.35102000e+01 -5.70360000e+00 5.93390000e+00
 1.44979000e+01 -5.70360000e+00 5.93390000e+00
 1.54856000e+01 -5.70360000e+00 5.93390000e+00
 1.64732000e+01 -5.70360000e+00 5.93390000e+00
 1.74609000e+01 -5.70360000e+00 5.93390000e+00
 1.84485000e+01 -5.70360000e+00 5.93390000e+00
 1.94362000e+01 -5.70360000e+00 5.93390000e+00
 -1.90823000e+01 -6.42410000e+00 6.59180000e+00
 -1.80947000e+01 -6.42410000e+00 6.59180000e+00
 -1.71070000e+01 -6.42410000e+00 6.59180000e+00
 -1.61194000e+01 -6.42410000e+00 6.59180000e+00
 -1.51317000e+01 -6.42410000e+00 6.59180000e+00
 -1.41441000e+01 -6.42410000e+00 6.59180000e+00
 -1.31564000e+01 -6.42410000e+00 6.59180000e+00
 -1.21688000e+01 -6.42410000e+00 6.59180000e+00
 -1.11811000e+01 -6.42410000e+00 6.59180000e+00
 -1.01935000e+01 -6.42410000e+00 6.59180000e+00
 -9.20580000e+00 -6.42410000e+00 6.59180000e+00
 -8.21810000e+00 -6.42410000e+00 6.59180000e+00
 -7.23050000e+00 -6.42410000e+00 6.59180000e+00
 -6.24280000e+00 -6.42410000e+00 6.59180000e+00
 -5.25520000e+00 -6.42410000e+00 6.59180000e+00
 -4.26750000e+00 -6.42410000e+00 6.59180000e+00
 -3.27990000e+00 -6.42410000e+00 6.59180000e+00
 -2.29220000e+00 -6.42410000e+00 6.59180000e+00
 -1.30460000e+00 -6.42410000e+00 6.59180000e+00
 -3.16900000e-01 -6.42410000e+00 6.59180000e+00
 6.70700000e-01 -6.42410000e+00 6.59180000e+00
 1.65840000e+00 -6.42410000e+00 6.59180000e+00
 2.64600000e+00 -6.42410000e+00 6.59180000e+00
 3.63370000e+00 -6.42410000e+00 6.59180000e+00
 4.62140000e+00 -6.42410000e+00 6.59180000e+00
 5.60900000e+00 -6.42410000e+00 6.59180000e+00
 6.59670000e+00 -6.42410000e+00 6.59180000e+00
 7.58430000e+00 -6.42410000e+00 6.59180000e+00
 8.57200000e+00 -6.42410000e+00 6.59180000e+00
 9.55960000e+00 -6.42410000e+00 6.59180000e+00
 1.05473000e+01 -6.42410000e+00 6.59180000e+00
 1.15349000e+01 -6.42410000e+00 6.59180000e+00
 1.25226000e+01 -6.42410000e+00 6.59180000e+00
 1.35102000e+01 -6.42410000e+00 6.59180000e+00
 1.44979000e+01 -6.42410000e+00 6.59180000e+00
 1.54856000e+01 -6.42410000e+00 6.59180000e+00
 1.64732000e+01 -6.42410000e+00 6.59180000e+00
 1.74609000e+01 -6.42410000e+00 6.59180000e+00
 1.84485000e+01 -6.42410000e+00 6.59180000e+00
 1.94362000e+01 -6.42410000e+00 6.59180000e+00
 -1.90823000e+01 -7.14450000e+00 7.24960000e+00
 -1.80947000e+01 -7.14450000e+00 7.24960000e+00
 -1.71070000e+01 -7.14450000e+00 7.24960000e+00
 -1.61194000e+01 -7.14450000e+00 7.24960000e+00
 -1.51317000e+01 -7.14450000e+00 7.24960000e+00
 -1.41441000e+01 -7.14450000e+00 7.24960000e+00
 -1.31564000e+01 -7.14450000e+00 7.24960000e+00
 -1.21688000e+01 -7.14450000e+00 7.24960000e+00
 -1.11811000e+01 -7.14450000e+00 7.24960000e+00
 -1.01935000e+01 -7.14450000e+00 7.24960000e+00
 -9.20580000e+00 -7.14450000e+00 7.24960000e+00
 -8.21810000e+00 -7.14450000e+00 7.24960000e+00
 -7.23050000e+00 -7.14450000e+00 7.24960000e+00
 -6.24280000e+00 -7.14450000e+00 7.24960000e+00
 -5.25520000e+00 -7.14450000e+00 7.24960000e+00
 -4.26750000e+00 -7.14450000e+00 7.24960000e+00
 -3.27990000e+00 -7.14450000e+00 7.24960000e+00
 -2.29220000e+00 -7.14450000e+00 7.24960000e+00
 -1.30460000e+00 -7.14450000e+00 7.24960000e+00
 -3.16900000e-01 -7.14450000e+00 7.24960000e+00
 6.70700000e-01 -7.14450000e+00 7.24960000e+00
 1.65840000e+00 -7.14450000e+00 7.24960000e+00
 2.64600000e+00 -7.14450000e+00 7.24960000e+00
 3.63370000e+00 -7.14450000e+00 7.24960000e+00
 4.62140000e+00 -7.14450000e+00 7.24960000e+00
 5.60900000e+00 -7.14450000e+00 7.24960000e+00
 6.59670000e+00 -7.14450000e+00 7.24960000e+00
 7.58430000e+00 -7.14450000e+00 7.24960000e+00
 8.57200000e+00 -7.14450000e+00 7.24960000e+00
 9.55960000e+00 -7.14450000e+00 7.24960000e+00
 1.05473000e+01 -7.14450000e+00 7.24960000e+00
 1.15349000e+01 -7.14450000e+00 7.24960000e+00
 1.25226000e+01 -7.14450000e+00 7.24960000e+00
 1.35102000e+01 -7.14450000e+00 7.24960000e+00
 1.44979000e+01 -7.14450000e+00 7.24960000e+00
 1.54856000e+01 -7.14450000e+00 7.24960000e+00
 1.64732000e+01 -7.14450000e+00 7.24960000e+00
 1.74609000e+01 -7.14450000e+00 7.24960000e+00
 1.84485000e+01 -7.14450000e+00 7.24960000e+00
 1.94362000e+01 -7.14450000e+00 7.24960000e+00
 -1.90823000e+01 -7.86500000e+00 7.90750000e+00
 -1.80947000e+01 -7.86500000e+00 7.90750000e+00
 -1.71070000e+01 -7.86500000e+00 7.90750000e+00
 -1.61194000e+01 -7.86500000e+00 7.90750000e+00
 -1.51317000e+01 -7.86500000e+00 7.90750000e+00
 -1.41441000e+01 -7.86500000e+00 7.90750000e+00
 -1.31564000e+01 -7.86500000e+00 7.90750000e+00
 -1.21688000e+01 -7.86500000e+00 7.90750000e+00
 -1.11811000e+01 -7.86500000e+00 7.90750000e+00
 -1.01935000e+01 -7.86500000e+00 7.90750000e+00
 -9.20580000e+00 -7.86500000e+00 7.90750000e+00
 -8.21810000e+00 -7.86500000e+00 7.90750000e+00
 -7.23050000e+00 -7.86500000e+00 7.90750000e+00
 -6.24280000e+00 -7.86500000e+00 7.90750000e+00
 -5.25520000e+00 -7.86500000e+00 7.90750000e+00
 -4.26750000e+00 -7.86500000e+00 7.90750000e+00
 -3.27990000e+00 -7.86500000e+00 7.90750000e+00
 -2.29220000e+00 -7.86500000e+00 7.90750000e+00
 -1.30460000e+00 -7.86500000e+00 7.90750000e+00
 -3.16900000e-01 -7.86500000e+00 7.90750000e+00
 6.70700000e-01 -7.86500000e+00 7.90750000e+00
 1.65840000e+00 -7.86500000e+00 7.90750000e+00
 2.64600000e+00 -7.86500000e+00 7.90750000e+00
 3.63370000e+00 -7.86500000e+00 7.90750000e+00
 4.62140000e+00 -7.86500000e+00 7.90750000e+00
 5.60900000e+00 -7.86500000e+00 7.90750000e+00
 6.59670000e+00 -7.86500000e+00 7.90750000e+00
 7.58430000e+00 -7.86500000e+00 7.90750000e+00
 8.57200000e+00 -7.86500000e+00 7.90750000e+00
 9.55960000e+00 -7.86500000e+00 7.90750000e+00
 1.05473000e+01 -7.86500000e+00 7.90750000e+00
 1.15349000e+01 -7.86500000e+00 7.90750000e+00
 1.25226000e+01 -7.86500000e+00 7.90750000e+00
 1.35102000e+01 -7.86500000e+00 7.90750000e+00
 1.44979000e+01 -7.86500000e+00 7.90750000e+00
 1.54856000e+01 -7.86500000e+00 7.90750000e+00
 1.64732000e+01 -7.86500000e+00 7.90750000e+00
 1.74609000e+01 -7.86500000e+00 7.90750000e+00
 1.84485000e+01 -7.86500000e+00 7.90750000e+00
 1.94362000e+01 -7.86500000e+00 7.90750000e+00
 -1.90823000e+01 -8.58540000e+00 8.56530000e+00
 -1.80947000e+01 -8.58540000e+00 8.56530000e+00
 -1.71070000e+01 -8.58540000e+00 8.56530000e+00
 -1.61194000e+01 -8.58540000e+00 8.56530000e+00
 -1.51317000e+01 -8.58540000e+00 8.56530000e+00
 -1.41441000e+01 -8.58540000e+00 8.56530000e+00
 -1.31564000e+01 -8.58540000e+00 8.56530000e+00
 -1.21688000e+01 -8.58540000e+00 8.56530000e+00
 -1.11811000e+01 -8.58540000e+00 8.56530000e+00
 -1.01935000e+01 -8.58540000e+00 8.56530000e+00
 -9.20580000e+00 -8.58540000e+00 8.56530000e+00
 -8.21810000e+00 -8.58540000e+00 8.56530000e+00
 -7.23050000e+00 -8.58540000e+00 8.56530000e+00
 -6.24280000e+00 -8.58540000e+00 8.56530000e+00
 -5.25520000e+00 -8.58540000e+00 8.56530000e+00
 -4.26750000e+00 -8.58540000e+00 8.56530000e+00
 -3.27990000e+00 -8.58540000e+00 8.56530000e+00
 -2.29220000e+00 -8.58540000e+00 8.56530000e+00
 -1.30460000e+00 -8.58540000e+00 8.56530000e+00
 -3.16900000e-01 -8.58540000e+00 8.56530000e+00
 6.70700000e-01 -8.58540000e+00 8.56530000e+00
 1.65840000e+00 -8.58540000e+00 8.56530000e+00
 2.64600000e+00 -8.58540000e+00 8.56530000e+00
 3.63370000e+00 -8.58540000e+00 8.56530000e+00
 4.62140000e+00 -8.58540000e+00 8.56530000e+00
 5.60900000e+00 -8.58540000e+00 8.56530000e+00
 6.59670000e+00 -8.58540000e+00 8.56530000e+00
 7.58430000e+00 -8.58540000e+00 8.56530000e+00
 8.57200000e+00 -8.58540000e+00 8.56530000e+00
 9.55960000e+00 -8.58540000e+00 8.56530000e+00
 1.05473000e+01 -8.58540000e+00 8.56530000e+00
 1.15349000e+01 -8.58540000e+00 8.56530000e+00
 1.25226000e+01 -8.58540000e+00 8.56530000e+00
 1.35102000e+01 -8.58540000e+00 8.56530000e+00
 1.44979000e+01 -8.58540000e+00 8.56530000e+00
 1.54856000e+01 -8.58540000e+00 8.56530000e+00
 1.64732000e+01 -8.58540000e+00 8.56530000e+00
 1.74609000e+01 -8.58540000e+00 8.56530000e+00
 1.84485000e+01 -8.58540000e+00 8.56530000e+00
 1.94362000e+01 -8.58540000e+00 8.56530000e+00
 -1.90823000e+01 -9.30590000e+00 9.22320000e+00
 -1.80947000e+01 -9.30590000e+00 9.22320000e+00
 -1.71070000e+01 -9.30590000e+00 9.22320000e+00
 -1.61194000e+01 -9.30590000e+00 9.22320000e+00
 -1.51317000e+01 -9.30590000e+00 9.22320000e+00
 -1.41441000e+01 -9.30590000e+00 9.22320000e+00
 -1.31564000e+01 -9.30590000e+00 9.22320000e+00
 -1.21688000e+01 -9.30590000e+00 9.22320000e+00
 -1.11811000e+01 -9.30590000e+00 9.22320000e+00
 -1.01935000e+01 -9.30590000e+00 9.22320000e+00
 -9.20580000e+00 -9.30590000e+00 9.22320000e+00
 -8.21810000e+00 -9.30590000e+00 9.22320000e+00
 -7.23050000e+00 -9.30590000e+00 9.22320000e+00
 -6.24280000e+00 -9.30590000e+00 9.22320000e+00
 -5.25520000e+00 -9.30590000e+00 9.22320000e+00
 -4.26750000e+00 -9.30590000e+00 9.22320000e+00
 -3.27990000e+00 -9.30590000e+00 9.22320000e+00
 -2.29220000e+00 -9.30590000e+00 9.22320000e+00
 -1.30460000e+00 -9.30590000e+00 9.22320000e+00
 -3.16900000e-01 -9.30590000e+00 9.22320000e+00
 6.70700000e-01 -9.30590000e+00 9.22320000e+00
 1.65840000e+00 -9.30590000e+00 9.22320000e+00
 2.64600000e+00 -9.30590000e+00 9.22320000e+00
 3.63370000e+00 -9.30590000e+00 9.22320000e+00
 4.62140000e+00 -9.30590000e+00 9.22320000e+00
 5.60900000e+00 -9.30590000e+00 9.22320000e+00
 6.59670000e+00 -9.30590000e+00 9.22320000e+00
 7.58430000e+00 -9.30590000e+00 9.22320000e+00
 8.57200000e+00 -9.30590000e+00 9.22320000e+00
 9.55960000e+00 -9.30590000e+00 9.22320000e+00
 1.05473000e+01 -9.30590000e+00 9.22320000e+00
 1.15349000e+01 -9.30590000e+00 9.22320000e+00
 1.25226000e+01 -9.30590000e+00 9.22320000e+00
 1.35102000e+01 -9.30590000e+00 9.22320000e+00
 1.44979000e+01 -9.30590000e+00 9.22320000e+00
 1.54856000e+01 -9.30590000e+00 9.22320000e+00
 1.64732000e+01 -9.30590000e+00 9.22320000e+00
 1.74609000e+01 -9.30590000e+00 9.22320000e+00
 1.84485000e+01 -9.30590000e+00 9.22320000e+00
 1.94362000e+01 -9.30590000e+00 9.22320000e+00
 -1.90823000e+01 -1.00263000e+01 9.88110000e+00
 -1.80947000e+01 -1.00263000e+01 9.88110000e+00
 -1.71070000e+01 -1.00263000e+01 9.88110000e+00
 -1.61194000e+01 -1.00263000e+01 9.88110000e+00
 -1.51317000e+01 -1.00263000e+01 9.88110000e+00
 -1.41441000e+01 -1.00263000e+01 9.88110000e+00
 -1.31564000e+01 -1.00263000e+01 9.88110000e+00
 -1.21688000e+01 -1.00263000e+01 9.88110000e+00
 -1.11811000e+01 -1.00263000e+01 9.88110000e+00
 -1.01935000e+01 -1.00263000e+01 9.88110000e+00
 -9.20580000e+00 -1.00263000e+01 9.88110000e+00
 -8.21810000e+00 -1.00263000e+01 9.88110000e+00
 -7.23050000e+00 -1.00263000e+01 9.88110000e+00
 -6.24280000e+00 -1.00263000e+01 9.88110000e+00
 -5.25520000e+00 -1.00263000e+01 9.88110000e+00
 -4.26750000e+00 -1.00263000e+01 9.88110000e+00
 -3.27990000e+00 -1.00263000e+01 9.88110000e+00
 -2.29220000e+00 -1.00263000e+01 9.88110000e+00
 -1.30460000e+00 -1.00263000e+01 9.88110000e+00
 -3.16900000e-01 -1.00263000e+01 9.88110000e+00
 6.70700000e-01 -1.00263000e+01 9.88110000e+00
 1.65840000e+00 -1.00263000e+01 9.88110000e+00
 2.64600000e+00 -1.00263000e+01 9.88110000e+00
 3.63370000e+00 -1.00263000e+01 9.88110000e+00
 4.62140000e+00 -1.00263000e+01 9.88110000e+00
 5.60900000e+00 -1.00263000e+01 9.88110000e+00
 6.59670000e+00 -1.00263000e+01 9.88110000e+00
 7.58430000e+00 -1.00263000e+01 9.88110000e+00
 8.57200000e+00 -1.00263000e+01 9.88110000e+00
 9.55960000e+00 -1.00263000e+01 9.88110000e+00
 1.05473000e+01 -1.00263000e+01 9.88110000e+00
 1.15349000e+01 -1.00263000e+01 9.88110000e+00
 1.25226000e+01 -1.00263000e+01 9.88110000e+00
 1.35102000e+01 -1.00263000e+01 9.88110000e+00
 1.44979000e+01 -1.00263000e+01 9.88110000e+00
 1.54856000e+01 -1.00263000e+01 9.88110000e+00
 1.64732000e+01 -1.00263000e+01 9.88110000e+00
 1.74609000e+01 -1.00263000e+01 9.88110000e+00
 1.84485000e+01 -1.00263000e+01 9.88110000e+00
 1.94362000e+01 -1.00263000e+01 9.88110000e+00
 -1.90823000e+01 -1.07467000e+01 1.05389000e+01
 -1.80947000e+01 -1.07467000e+01 1.05389000e+01
 -1.71070000e+01 -1.07467000e+01 1.05389000e+01
 -1.61194000e+01 -1.07467000e+01 1.05389000e+01
 -1.51317000e+01 -1.07467000e+01 1.05389000e+01
 -1.41441000e+01 -1.07467000e+01 1.05389000e+01
 -1.31564000e+01 -1.07467000e+01 1.05389000e+01
 -1.21688000e+01 -1.07467000e+01 1.05389000e+01
 -1.11811000e+01 -1.07467000e+01 1.05389000e+01
 -1.01935000e+01 -1.07467000e+01 1.05389000e+01
 -9.20580000e+00 -1.07467000e+01 1.05389000e+01
 -8.21810000e+00 -1.07467000e+01 1.05389000e+01
 -7.23050000e+00 -1.07467000e+01 1.05389000e+01
 -6.24280000e+00 -1.07467000e+01 1.05389000e+01
 -5.25520000e+00 -1.07467000e+01 1.05389000e+01
 -4.26750000e+00 -1.07467000e+01 1.05389000e+01
 -3.27990000e+00 -1.07467000e+01 1.05389000e+01
 -2.29220000e+00 -1.07467000e+01 1.05389000e+01
 -1.30460000e+00 -1.07467000e+01 1.05389000e+01
 -3.16900000e-01 -1.07467000e+01 1.05389000e+01
 6.70700000e-01 -1.07467000e+01 1.05389000e+01
 1.65840000e+00 -1.07467000e+01 1.05389000e+01
 2.64600000e+00 -1.07467000e+01 1.05389000e+01
 3.63370000e+00 -1.07467000e+01 1.05389000e+01
 4.62140000e+00 -1.07467000e+01 1.05389000e+01
 5.60900000e+00 -1.07467000e+01 1.05389000e+01
 6.59670000e+00 -1.07467000e+01 1.05389000e+01
 7.58430000e+00 -1.07467000e+01 1.05389000e+01
 8.57200000e+00 -1.07467000e+01 1.05389000e+01
 9.55960000e+00 -1.07467000e+01 1.05389000e+01
 1.05473000e+01 -1.07467000e+01 1.05389000e+01
 1.15349000e+01 -1.07467000e+01 1.05389000e+01
 1.25226000e+01 -1.07467000e+01 1.05389000e+01
 1.35102000e+01 -1.07467000e+01 1.05389000e+01
 1.44979000e+01 -1.07467000e+01 1.05389000e+01
 1.54856000e+01 -1.07467000e+01 1.05389000e+01
 1.64732000e+01 -1.07467000e+01 1.05389000e+01
 1.74609000e+01 -1.07467000e+01 1.05389000e+01
 1.84485000e+01 -1.07467000e+01 1.05389000e+01
 1.94362000e+01 -1.07467000e+01 1.05389000e+01
 -1.90823000e+01 -1.14672000e+01 1.11968000e+01
 -1.80947000e+01 -1.14672000e+01 1.11968000e+01
 -1.71070000e+01 -1.14672000e+01 1.11968000e+01
 -1.61194000e+01 -1.14672000e+01 1.11968000e+01
 -1.51317000e+01 -1.14672000e+01 1.11968000e+01
 -1.41441000e+01 -1.14672000e+01 1.11968000e+01
 -1.31564000e+01 -1.14672000e+01 1.11968000e+01
 -1.21688000e+01 -1.14672000e+01 1.11968000e+01
 -1.11811000e+01 -1.14672000e+01 1.11968000e+01
 -1.01935000e+01 -1.14672000e+01 1.11968000e+01
 -9.20580000e+00 -1.14672000e+01 1.11968000e+01
 -8.21810000e+00 -1.14672000e+01 1.11968000e+01
 -7.23050000e+00 -1.14672000e+01 1.11968000e+01
 -6.24280000e+00 -1.14672000e+01 1.11968000e+01
 -5.25520000e+00 -1.14672000e+01 1.11968000e+01
 -4.26750000e+00 -1.14672000e+01 1.11968000e+01
 -3.27990000e+00 -1.14672000e+01 1.11968000e+01
 -2.29220000e+00 -1.14672000e+01 1.11968000e+01
 -1.30460000e+00 -1.14672000e+01 1.11968000e+01
 -3.16900000e-01 -1.14672000e+01 1.11968000e+01
 6.70700000e-01 -1.14672000e+01 1.11968000e+01
 1.65840000e+00 -1.14672000e+01 1.11968000e+01
 2.64600000e+00 -1.14672000e+01 1.11968000e+01
 3.63370000e+00 -1.14672000e+01 1.11968000e+01
 4.62140000e+00 -1.14672000e+01 1.11968000e+01
 5.60900000e+00 -1.14672000e+01 1.11968000e+01
 6.59670000e+00 -1.14672000e+01 1.11968000e+01
 7.58430000e+00 -1.14672000e+01 1.11968000e+01
 8.57200000e+00 -1.14672000e+01 1.11968000e+01
 9.55960000e+00 -1.14672000e+01 1.11968000e+01
 1.05473000e+01 -1.14672000e+01 1.11968000e+01
 1.15349000e+01 -1.14672000e+01 1.11968000e+01
 1.25226000e+01 -1.14672000e+01 1.11968000e+01
 1.35102000e+01 -1.14672000e+01 1.11968000e+01
 1.44979000e+01 -1.14672000e+01 1.11968000e+01
 1.54856000e+01 -1.14672000e+01 1.11968000e+01
 1.64732000e+01 -1.14672000e+01 1.11968000e+01
 1.74609000e+01 -1.14672000e+01 1.11968000e+01
 1.84485000e+01 -1.14672000e+01 1.11968000e+01
 1.94362000e+01 -1.14672000e+01 1.11968000e+01
 -1.90823000e+01 -1.21876000e+01 1.18546000e+01
 -1.80947000e+01 -1.21876000e+01 1.18546000e+01
 -1.71070000e+01 -1.21876000e+01 1.18546000e+01
 -1.61194000e+01 -1.21876000e+01 1.18546000e+01
 -1.51317000e+01 -1.21876000e+01 1.18546000e+01
 -1.41441000e+01 -1.21876000e+01 1.18546000e+01
 -1.31564000e+01 -1.21876000e+01 1.18546000e+01
 -1.21688000e+01 -1.21876000e+01 1.18546000e+01
 -1.11811000e+01 -1.21876000e+01 1.18546000e+01
 -1.01935000e+01 -1.21876000e+01 1.18546000e+01
 -9.20580000e+00 -1.21876000e+01 1.18546000e+01
 -8.21810000e+00 -1.21876000e+01 1.18546000e+01
 -7.23050000e+00 -1.21876000e+01 1.18546000e+01
 -6.24280000e+00 -1.21876000e+01 1.18546000e+01
 -5.25520000e+00 -1.21876000e+01 1.18546000e+01
 -4.26750000e+00 -1.21876000e+01 1.18546000e+01
 -3.27990000e+00 -1.21876000e+01 1.18546000e+01
 -2.29220000e+00 -1.21876000e+01 1.18546000e+01
 -1.30460000e+00 -1.21876000e+01 1.18546000e+01
 -3.16900000e-01 -1.21876000e+01 1.18546000e+01
 6.70700000e-01 -1.21876000e+01 1.18546000e+01
 1.65840000e+00 -1.21876000e+01 1.18546000e+01
 2.64600000e+00 -1.21876000e+01 1.18546000e+01
 3.63370000e+00 -1.21876000e+01 1.18546000e+01
 4.62140000e+00 -1.21876000e+01 1.18546000e+01
 5.60900000e+00 -1.21876000e+01 1.18546000e+01
 6.59670000e+00 -1.21876000e+01 1.18546000e+01
 7.58430000e+00 -1.21876000e+01 1.18546000e+01
 8.57200000e+00 -1.21876000e+01 1.18546000e+01
 9.55960000e+00 -1.21876000e+01 1.18546000e+01
 1.05473000e+01 -1.21876000e+01 1.18546000e+01
 1.15349000e+01 -1.21876000e+01 1.18546000e+01
 1.25226000e+01 -1.21876000e+01 1.18546000e+01
 1.35102000e+01 -1.21876000e+01 1.18546000e+01
 1.44979000e+01 -1.21876000e+01 1.18546000e+01
 1.54856000e+01 -1.21876000e+01 1.18546000e+01
 1.64732000e+01 -1.21876000e+01 1.18546000e+01
 1.74609000e+01 -1.21876000e+01 1.18546000e+01
 1.84485000e+01 -1.21876000e+01 1.18546000e+01
 1.94362000e+01 -1.21876000e+01 1.18546000e+01
 -1.90823000e+01 -1.29081000e+01 1.25125000e+01
 -1.80947000e+01 -1.29081000e+01 1.25125000e+01
 -1.71070000e+01 -1.29081000e+01 1.25125000e+01
 -1.61194000e+01 -1.29081000e+01 1.25125000e+01
 -1.51317000e+01 -1.29081000e+01 1.25125000e+01
 -1.41441000e+01 -1.29081000e+01 1.25125000e+01
 -1.31564000e+01 -1.29081000e+01 1.25125000e+01
 -1.21688000e+01 -1.29081000e+01 1.25125000e+01
 -1.11811000e+01 -1.29081000e+01 1.25125000e+01
 -1.01935000e+01 -1.29081000e+01 1.25125000e+01
 -9.20580000e+00 -1.29081000e+01 1.25125000e+01
 -8.21810000e+00 -1.29081000e+01 1.25125000e+01
 -7.23050000e+00 -1.29081000e+01 1.25125000e+01
 -6.24280000e+00 -1.29081000e+01 1.25125000e+01
 -5.25520000e+00 -1.29081000e+01 1.25125000e+01
 -4.26750000e+00 -1.29081000e+01 1.25125000e+01
 -3.27990000e+00 -1.29081000e+01 1.25125000e+01
 -2.29220000e+00 -1.29081000e+01 1.25125000e+01
 -1.30460000e+00 -1.29081000e+01 1.25125000e+01
 -3.16900000e-01 -1.29081000e+01 1.25125000e+01
 6.70700000e-01 -1.29081000e+01 1.25125000e+01
 1.65840000e+00 -1.29081000e+01 1.25125000e+01
 2.64600000e+00 -1.29081000e+01 1.25125000e+01
 3.63370000e+00 -1.29081000e+01 1.25125000e+01
 4.62140000e+00 -1.29081000e+01 1.25125000e+01
 5.60900000e+00 -1.29081000e+01 1.25125000e+01
 6.59670000e+00 -1.29081000e+01 1.25125000e+01
 7.58430000e+00 -1.29081000e+01 1.25125000e+01
 8.57200000e+00 -1.29081000e+01 1.25125000e+01
 9.55960000e+00 -1.29081000e+01 1.25125000e+01
 1.05473000e+01 -1.29081000e+01 1.25125000e+01
 1.15349000e+01 -1.29081000e+01 1.25125000e+01
 1.25226000e+01 -1.29081000e+01 1.25125000e+01
 1.35102000e+01 -1.29081000e+01 1.25125000e+01
 1.44979000e+01 -1.29081000e+01 1.25125000e+01
 1.54856000e+01 -1.29081000e+01 1.25125000e+01
 1.64732000e+01 -1.29081000e+01 1.25125000e+01
 1.74609000e+01 -1.29081000e+01 1.25125000e+01
 1.84485000e+01 -1.29081000e+01 1.25125000e+01
 1.94362000e+01 -1.29081000e+01 1.25125000e+01
 -1.90823000e+01 -1.36285000e+01 1.31703000e+01
 -1.80947000e+01 -1.36285000e+01 1.31703000e+01
 -1.71070000e+01 -1.36285000e+01 1.31703000e+01
 -1.61194000e+01 -1.36285000e+01 1.31703000e+01
 -1.51317000e+01 -1.36285000e+01 1.31703000e+01
 -1.41441000e+01 -1.36285000e+01 1.31703000e+01
 -1.31564000e+01 -1.36285000e+01 1.31703000e+01
 -1.21688000e+01 -1.36285000e+01 1.31703000e+01
 -1.11811000e+01 -1.36285000e+01 1.31703000e+01
 -1.01935000e+01 -1.36285000e+01 1.31703000e+01
 -9.20580000e+00 -1.36285000e+01 1.31703000e+01
 -8.21810000e+00 -1.36285000e+01 1.31703000e+01
 -7.23050000e+00 -1.36285000e+01 1.31703000e+01
 -6.24280000e+00 -1.36285000e+01 1.31703000e+01
 -5.25520000e+00 -1.36285000e+01 1.31703000e+01
 -4.26750000e+00 -1.36285000e+01 1.31703000e+01
 -3.27990000e+00 -1.36285000e+01 1.31703000e+01
 -2.29220000e+00 -1.36285000e+01 1.31703000e+01
 -1.30460000e+00 -1.36285000e+01 1.31703000e+01
 -3.16900000e-01 -1.36285000e+01 1.31703000e+01
 6.70700000e-01 -1.36285000e+01 1.31703000e+01
 1.65840000e+00 -1.36285000e+01 1.31703000e+01
 2.64600000e+00 -1.36285000e+01 1.31703000e+01
 3.63370000e+00 -1.36285000e+01 1.31703000e+01
 4.62140000e+00 -1.36285000e+01 1.31703000e+01
 5.60900000e+00 -1.36285000e+01 1.31703000e+01
 6.59670000e+00 -1.36285000e+01 1.31703000e+01
 7.58430000e+00 -1.36285000e+01 1.31703000e+01
 8.57200000e+00 -1.36285000e+01 1.31703000e+01
 9.55960000e+00 -1.36285000e+01 1.31703000e+01
 1.05473000e+01 -1.36285000e+01 1.31703000e+01
 1.15349000e+01 -1.36285000e+01 1.31703000e+01
 1.25226000e+01 -1.36285000e+01 1.31703000e+01
 1.35102000e+01 -1.36285000e+01 1.31703000e+01
 1.44979000e+01 -1.36285000e+01 1.31703000e+01
 1.54856000e+01 -1.36285000e+01 1.31703000e+01
 1.64732000e+01 -1.36285000e+01 1.31703000e+01
 1.74609000e+01 -1.36285000e+01 1.31703000e+01
 1.84485000e+01 -1.36285000e+01 1.31703000e+01
 1.94362000e+01 -1.36285000e+01 1.31703000e+01
 -1.90823000e+01 -1.43490000e+01 1.38282000e+01
 -1.80947000e+01 -1.43490000e+01 1.38282000e+01
 -1.71070000e+01 -1.43490000e+01 1.38282000e+01
 -1.61194000e+01 -1.43490000e+01 1.38282000e+01
 -1.51317000e+01 -1.43490000e+01 1.38282000e+01
 -1.41441000e+01 -1.43490000e+01 1.38282000e+01
 -1.31564000e+01 -1.43490000e+01 1.38282000e+01
 -1.21688000e+01 -1.43490000e+01 1.38282000e+01
 -1.11811000e+01 -1.43490000e+01 1.38282000e+01
 -1.01935000e+01 -1.43490000e+01 1.38282000e+01
 -9.20580000e+00 -1.43490000e+01 1.38282000e+01
 -8.21810000e+00 -1.43490000e+01 1.38282000e+01
 -7.23050000e+00 -1.43490000e+01 1.38282000e+01
 -6.24280000e+00 -1.43490000e+01 1.38282000e+01
 -5.25520000e+00 -1.43490000e+01 1.38282000e+01
 -4.26750000e+00 -1.43490000e+01 1.38282000e+01
 -3.27990000e+00 -1.43490000e+01 1.38282000e+01
 -2.29220000e+00 -1.43490000e+01 1.38282000e+01
 -1.30460000e+00 -1.43490000e+01 1.38282000e+01
 -3.16900000e-01 -1.43490000e+01 1.38282000e+01
 6.70700000e-01 -1.43490000e+01 1.38282000e+01
 1.65840000e+00 -1.43490000e+01 1.38282000e+01
 2.64600000e+00 -1.43490000e+01 1.38282000e+01
 3.63370000e+00 -1.43490000e+01 1.38282000e+01
 4.62140000e+00 -1.43490000e+01 1.38282000e+01
 5.60900000e+00 -1.43490000e+01 1.38282000e+01
 6.59670000e+00 -1.43490000e+01 1.38282000e+01
 7.58430000e+00 -1.43490000e+01 1.38282000e+01
 8.57200000e+00 -1.43490000e+01 1.38282000e+01
 9.55960000e+00 -1.43490000e+01 1.38282000e+01
 1.05473000e+01 -1.43490000e+01 1.38282000e+01
 1.15349000e+01 -1.43490000e+01 1.38282000e+01
 1.25226000e+01 -1.43490000e+01 1.38282000e+01
 1.35102000e+01 -1.43490000e+01 1.38282000e+01
 1.44979000e+01 -1.43490000e+01 1.38282000e+01
 1.54856000e+01 -1.43490000e+01 1.38282000e+01
 1.64732000e+01 -1.43490000e+01 1.38282000e+01
 1.74609000e+01 -1.43490000e+01 1.38282000e+01
 1.84485000e+01 -1.43490000e+01 1.38282000e+01
 1.94362000e+01 -1.43490000e+01 1.38282000e+01
